0	0	0	0.0048836	0	-17	-104.323	53.0829	0.0124219	154.601	-0.82872	-0.0100758	-0.559371	0.304835	0.830201	-0.466569	0.469208	-0.557208	-0.68492	
0.1	0	0	0.00459633	0	-17	-104.12	52.9702	0.0130485	154.604	-0.82884	-0.0100597	-0.559248	0.304833	0.830185	-0.46669	0.469086	-0.557328	-0.684902	
0.2	0	-0.00430906	0.00258544	0	-17	-104.05	52.864	0.136912	154.699	-0.82848	-0.0102291	-0.559601	0.304955	0.830063	-0.466677	0.469456	-0.557299	-0.684666	
0.3	0	-0.0178108	0.00057454	0	-17	-104.026	52.7554	0.163736	154.808	-0.828359	-0.008929	-0.560017	0.306423	0.829725	-0.466412	0.468844	-0.558022	-0.684563	
0.4	0	-0.0393561	-0.0020109	0	-17	-104.012	52.7574	0.00017258	154.833	-0.828096	-0.00270873	-0.560453	0.313122	0.827092	-0.466678	0.46493	-0.56188	-0.684	
0.5	0	-0.0698068	-0.00517087	0	-17	-103.99	52.7562	-0.806108	154.834	-0.827812	0.00735824	-0.560647	0.325142	0.82096	-0.469168	0.456987	-0.570727	-0.682112	
0.6	0	-0.110312	-0.00947993	0	-17	-103.971	52.7546	-1.88621	154.878	-0.827502	0.0236933	-0.560909	0.343366	0.811787	-0.472232	0.444152	-0.583443	-0.679765	
0.7	0	-0.157424	-0.013789	0	-17	-103.948	52.7602	-2.81438	154.908	-0.82644	0.0444617	-0.56114	0.3668	0.798847	-0.476745	0.427165	-0.599848	-0.676505	
0.81	0	-0.21258	-0.0186726	0	-17	-103.926	52.4334	-3.94539	154.865	-0.824869	0.068606	-0.560953	0.392664	0.783549	-0.481365	0.406509	-0.617358	-0.673287	
0.91	0	-0.27578	-0.024418	0	-17	-103.896	52.457	-5.40088	154.956	-0.821736	0.0921932	-0.562197	0.416758	0.770148	-0.482752	0.388536	-0.630978	-0.671353	
1.01	0	-0.346736	-0.0301634	0	-17	-103.864	52.1454	-6.77044	154.933	-0.818478	0.114495	-0.562908	0.436072	0.761723	-0.479038	0.374069	-0.637602	-0.673334	
1.11	0	-0.425735	-0.0376325	0	-17	-103.826	51.6286	-8.31105	155.158	-0.813635	0.139043	-0.564305	0.456887	0.753209	-0.473121	0.359225	-0.642881	-0.676344	
1.21	0	-0.512491	-0.0462506	0	-17	-103.787	51.012	-10.0748	155.404	-0.807463	0.163356	-0.566555	0.479011	0.74217	-0.468625	0.344037	-0.649892	-0.677524	
1.31	0	-0.605567	-0.0554433	0	-17	-103.742	50.3062	-11.922	155.653	-0.798862	0.190545	-0.570325	0.503853	0.729827	-0.461791	0.328358	-0.656327	-0.679017	
1.41	0	-0.705824	-0.0643486	0	-17	-103.693	49.3903	-13.6573	155.778	-0.788671	0.2193	-0.574323	0.529455	0.717094	-0.453196	0.312423	-0.661539	-0.681524	
1.51	0	-0.811827	-0.0752649	0	-17	-103.639	48.0493	-15.5904	156.152	-0.776545	0.247317	-0.579243	0.55565	0.702206	-0.445072	0.296873	-0.667565	-0.682702	
1.61	0	-0.924437	-0.087043	0	-17	-103.588	46.6208	-17.7423	156.537	-0.761765	0.275558	-0.586207	0.583207	0.685669	-0.435404	0.28207	-0.673484	-0.683045	
1.71	0	-1.04452	-0.0991084	0	-17	-103.526	45.0003	-19.4179	156.971	-0.74394	0.305766	-0.59409	0.612498	0.667299	-0.423684	0.266897	-0.679071	-0.68367	
1.81	0	-1.17005	-0.112323	0	-17	-103.461	43.075	-21.3051	157.638	-0.723232	0.333818	-0.604329	0.642157	0.646795	-0.411325	0.253709	-0.685611	-0.682113	
1.91	0	-1.30019	-0.125537	0	-17	-103.391	40.4845	-22.8971	158.16	-0.701929	0.359125	-0.61484	0.669632	0.626879	-0.398266	0.242477	-0.691296	-0.680577	
2.01	0	-1.43549	-0.139039	0	-17	-103.325	38.4997	-24.1279	158.928	-0.676176	0.383204	-0.629084	0.697562	0.607405	-0.379857	0.236639	-0.695759	-0.678057	
2.11	0	-1.57654	-0.152828	0	-17	-103.251	35.6282	-25.2841	159.583	-0.649583	0.404538	-0.643604	0.725289	0.583496	-0.365303	0.227783	-0.704119	-0.6724	
2.21	0	-1.72966	-0.168915	0	-17	-103.174	32.7969	-25.7465	160.568	-0.619632	0.422909	-0.660999	0.752578	0.559268	-0.347501	0.222742	-0.712851	-0.66479	
2.31	0	-1.87818	-0.186151	0	-17	-103.083	29.7336	-26.0696	161.399	-0.590478	0.433887	-0.680383	0.776294	0.535864	-0.331961	0.220563	-0.724153	-0.653204	
2.41	0	-2.03072	-0.204537	0	-17	-102.996	26.5928	-25.6881	162.474	-0.558403	0.444548	-0.700268	0.80098	0.508598	-0.315816	0.215838	-0.737332	-0.639979	
2.51	0	-2.1867	-0.223497	0	-17	-102.91	23.5848	-24.7953	163.454	-0.524186	0.450725	-0.722442	0.825503	0.477329	-0.301123	0.209219	-0.754225	-0.622182	
2.63	0	-2.37372	-0.245329	0	-17	-102.804	19.968	-23.2684	164.735	-0.484391	0.447221	-0.751834	0.850178	0.443434	-0.283878	0.206391	-0.776686	-0.594991	
2.73	0	-2.53775	-0.265151	0	-17	-102.699	17.356	-21.3068	165.751	-0.456276	0.434518	-0.776398	0.86423	0.423954	-0.270527	0.211623	-0.794506	-0.568904	
2.83	0	-2.70034	-0.283536	0	-17	-102.593	14.9307	-18.6363	166.77	-0.432476	0.413292	-0.801269	0.873638	0.411465	-0.259352	0.222534	-0.812214	-0.538987	
2.93	0	-2.87357	-0.305369	0	-17	-102.48	13.0204	-15.5097	167.601	-0.413227	0.383365	-0.825928	0.879327	0.403442	-0.252752	0.236336	-0.830717	-0.503723	
3.03	0	-3.03789	-0.328638	0	-17	-102.374	11.5828	-11.5785	168.55	-0.40376	0.34192	-0.848445	0.877031	0.40863	-0.252643	0.260343	-0.846191	-0.464836	
3.13	0	3.08012	-0.353918	0	-17	-102.264	11.0611	-7.12315	169.203	-0.403571	0.288942	-0.867968	0.865991	0.42671	-0.260572	0.295172	-0.856927	-0.422433	
3.23	0	2.91494	-0.377761	0	-17	-102.148	10.947	-3.00637	169.509	-0.406672	0.241604	-0.881022	0.857811	0.432708	-0.277209	0.31432	-0.868397	-0.383118	
3.33	0	2.75119	-0.399881	0	-17	-102.028	11.9738	1.36022	169.695	-0.418987	0.187514	-0.888373	0.84183	0.44682	-0.302638	0.340187	-0.874614	-0.344962	
3.43	0	2.58802	-0.422288	0	-17	-101.904	13.9771	6.22865	169.528	-0.445859	0.121072	-0.88675	0.808745	0.47911	-0.341077	0.383608	-0.86928	-0.311421	
3.54	0	2.42744	-0.447855	0	-17	-101.77	16.3618	10.3037	168.987	-0.478538	0.06052	-0.875816	0.768257	0.511777	-0.384363	0.425132	-0.856811	-0.291322	
3.64	0	2.26714	-0.475146	0	-17	-101.64	19.4015	13.9923	168.33	-0.512294	0.0093987	-0.85857	0.72724	0.536388	-0.428079	0.4566	-0.84381	-0.281585	
3.74	0	2.11	-0.502436	0	-17	-101.515	22.6349	16.9798	167.368	-0.548259	-0.0394491	-0.835179	0.683939	0.553562	-0.475108	0.481274	-0.831766	-0.276535	
3.84	0	1.95718	-0.528291	0	-17	-101.369	26.0848	19.3994	166.418	-0.584593	-0.0763025	-0.807541	0.637218	0.572851	-0.515336	0.502061	-0.815947	-0.286185	
3.94	0	1.80808	-0.555294	0	-17	-101.22	29.6671	20.593	165.53	-0.618181	-0.100553	-0.779479	0.598244	0.582909	-0.549703	0.509812	-0.806069	-0.300143	
4.04	0	1.66071	-0.584309	0	-17	-101.077	32.4953	20.8153	164.555	-0.648191	-0.107506	-0.753706	0.575672	0.578613	-0.577698	0.498358	-0.808342	-0.313198	
4.14	0	1.51909	-0.613036	0	-17	-100.929	35.8065	20.9345	163.683	-0.674418	-0.103056	-0.731065	0.561745	0.570764	-0.598733	0.479062	-0.814505	-0.326975	
4.24	0	1.38235	-0.64205	0	-17	-100.78	38.4428	20.4144	162.811	-0.700848	-0.0947065	-0.706831	0.546522	0.565548	-0.6175	0.458368	-0.819178	-0.344489	
4.34	0	1.24905	-0.671352	0	-17	-100.626	41.351	19.3946	162.193	-0.722321	-0.083531	-0.686367	0.535767	0.560043	-0.631751	0.437344	-0.824053	-0.359756	
4.44	0	1.12064	-0.701515	0	-17	-100.461	43.8264	18.1958	161.491	-0.742076	-0.0664615	-0.666938	0.528953	0.553002	-0.643532	0.411794	-0.830409	-0.375126	
4.54	0	0.998553	-0.73254	0	-17	-100.3	45.7701	16.8303	160.922	-0.759155	-0.0453064	-0.649187	0.526434	0.54386	-0.653391	0.382723	-0.837804	-0.389071	
4.66	0	0.86095	-0.770747	0	-17	-100.102	48.0526	14.9648	160.312	-0.775462	-0.0167031	-0.630932	0.527699	0.531496	-0.662406	0.34656	-0.846699	-0.403319	
4.76	0	0.750926	-0.803783	0	-17	-99.932	49.7277	13.0973	159.766	-0.785286	0.00985051	-0.618923	0.533166	0.518672	-0.668232	0.31451	-0.854715	-0.41258	
4.86	0	0.648083	-0.835958	0	-17	-99.7574	51.0937	11.1827	159.562	-0.792921	0.0384805	-0.607956	0.540127	0.506075	-0.672266	0.281974	-0.861518	-0.421989	
4.96	0	0.551847	-0.869856	0	-17	-99.5796	52.1565	9.06704	159.477	-0.797302	0.0676165	-0.599695	0.550011	0.490197	-0.675926	0.248393	-0.868864	-0.427987	
5.06	0	0.462793	-0.904616	0	-17	-99.3971	53.0037	7.05398	159.276	-0.800694	0.0973105	-0.590907	0.559283	0.474427	-0.679714	0.214325	-0.874771	-0.434285	
5.16	0	0.381496	-0.939375	0	-17	-99.2066	53.5219	5.13727	159.068	-0.803481	0.125307	-0.58191	0.566506	0.461485	-0.6826	0.183058	-0.878119	-0.441698	
5.26	0	0.307667	-0.974422	0	-17	-99.0351	54.2001	3.3866	159.136	-0.801692	0.154706	-0.577233	0.578255	0.444669	-0.683955	0.150863	-0.882164	-0.445929	
5.36	0	0.241307	-1.01033	0	-17	-98.8367	54.6739	1.52211	159.208	-0.797853	0.183667	-0.574011	0.591092	0.425396	-0.685259	0.11834	-0.886031	-0.447838	
5.46	0	0.183279	-1.04681	0	-17	-98.6478	54.817	-0.0257383	159.246	-0.793652	0.210811	-0.570561	0.601975	0.406948	-0.686882	0.0874064	-0.888695	-0.449928	
5.56	0	0.132719	-1.08387	0	-17	-98.4462	54.97	-1.60635	159.268	-0.788392	0.234431	-0.568645	0.612357	0.387576	-0.688993	0.0588396	-0.891479	-0.449089	
5.66	0	0.090203	-1.12122	0	-17	-98.2572	54.9033	-2.94919	159.386	-0.782994	0.258176	-0.565762	0.621265	0.368011	-0.69167	0.029663	-0.893186	-0.448502	
5.76	0	0.0563051	-1.15971	0	-17	-98.0461	54.6198	-4.19376	159.593	-0.777138	0.278947	-0.563981	0.629177	0.347478	-0.69519	0.00211241	-0.895193	-0.445441	
5.86	0	0.0304507	-1.19792	0	-17	-97.8223	54.9002	-5.24868	159.749	-0.770711	0.29656	-0.563773	0.636751	0.328466	-0.697423	-0.0215232	-0.89667	-0.442022	
5.96	0	0.013789	-1.23699	0	-17	-97.6143	55.0738	-6.08681	159.873	-0.763805	0.313625	-0.563994	0.643828	0.308788	-0.700055	-0.0453865	-0.897901	-0.437646	
6.06	0	0.00574541	-1.27663	0	-17	-97.4111	54.9135	-6.81841	160.096	-0.757035	0.328554	-0.564554	0.649655	0.287112	-0.703885	-0.0690887	-0.899668	-0.430742	
6.16	0	0.00459633	-1.31857	0	-17	-97.1888	54.8646	-7.3423	160.391	-0.750538	0.340528	-0.566082	0.654377	0.265152	-0.70803	-0.0909292	-0.901919	-0.421837	
6.26	0	0.0103417	-1.35994	0	-17	-96.9698	55.037	-7.56975	160.414	-0.743929	0.351833	-0.568019	0.658874	0.244529	-0.711358	-0.111314	-0.903528	-0.413655	
6.36	0	0.0290143	-1.40073	0	-17	-96.7491	55.1097	-7.77221	160.753	-0.736625	0.361176	-0.571807	0.663091	0.219224	-0.715679	-0.133093	-0.906265	-0.400872	
6.46	0	0.0563051	-1.44239	0	-17	-96.5284	54.9551	-7.64406	161.168	-0.730056	0.368721	-0.575228	0.665716	0.194121	-0.720368	-0.15388	-0.908881	-0.387137	
6.56	0	0.0919266	-1.48462	0	-17	-96.2967	55.0191	-7.23922	161.3	-0.723647	0.373474	-0.580256	0.668101	0.168582	-0.724627	-0.172685	-0.912119	-0.371509	
6.66	0	0.135592	-1.52627	0	-17	-96.0697	54.7455	-6.70355	161.648	-0.717969	0.377173	-0.58489	0.669269	0.143548	-0.728809	-0.190871	-0.914935	-0.355454	
6.76	0	0.187588	-1.56965	0	-17	-95.822	54.7365	-5.93702	162.027	-0.708101	0.380456	-0.594588	0.673499	0.111561	-0.730545	-0.211554	-0.917951	-0.335268	
6.86	0	0.248202	-1.61216	0	-17	-95.5855	54.54	-5.25074	162.61	-0.694756	0.383846	-0.608174	0.678815	0.0706563	-0.730783	-0.237519	-0.920621	-0.309622	
6.96	0	0.316285	-1.65497	0	-17	-95.3537	54.194	-4.06389	163.037	-0.685416	0.383023	-0.619181	0.681739	0.0391974	-0.73035	-0.255488	-0.922825	-0.287864	
7.07	0	0.392125	-1.69921	0	-17	-95.1156	53.9832	-2.87258	163.651	-0.673944	0.379665	-0.63359	0.685651	0.00233658	-0.727884	-0.274851	-0.924961	-0.261782	
7.17	0	0.474571	-1.74316	0	-17	-94.8632	53.2248	-1.59974	164.131	-0.66117	0.374446	-0.649997	0.689588	-0.0375437	-0.72306	-0.295148	-0.926419	-0.23331	
7.27	0	0.564487	-1.7874	0	-17	-94.6123	52.6345	0.0695966	164.973	-0.643206	0.370069	-0.670292	0.69603	-0.0820634	-0.713126	-0.318852	-0.925272	-0.204747	
7.37	0	0.667617	-1.8325	0	-17	-94.3504	51.4003	1.72541	165.805	-0.622477	0.363932	-0.692746	0.702142	-0.131187	-0.699763	-0.345436	-0.922075	-0.173691	
7.47	0	0.765864	-1.87731	0	-17	-94.1059	50.3457	3.52632	166.805	-0.594853	0.358476	-0.719343	0.709935	-0.185076	-0.679413	-0.37667	-0.914897	-0.144301	
7.57	0	0.882783	-1.92242	0	-17	-93.8376	48.3647	5.44108	167.977	-0.559274	0.349831	-0.751449	0.716965	-0.250874	-0.650253	-0.415988	-0.902445	-0.110407	
7.67	0	0.999989	-1.96982	0	-17	-93.5789	46.0943	7.22687	169.052	-0.51858	0.340603	-0.784181	0.721277	-0.318123	-0.615199	-0.459012	-0.884602	-0.0805921	
7.77	0	1.1238	-2.01635	0	-17	-93.3185	43.4276	9.32182	170.506	-0.461347	0.334421	-0.821645	0.721726	-0.39707	-0.566879	-0.515777	-0.854511	-0.058155	
7.87	0	1.2525	-2.06289	0	-17	-93.0534	39.983	10.4766	171.958	-0.39135	0.323498	-0.861299	0.711832	-0.486707	-0.506176	-0.583051	-0.811247	-0.0396995	
7.97	0	1.38579	-2.10943	0	-17	-92.7931	35.577	12.0887	173.6	-0.305233	0.310558	-0.900103	0.685976	-0.583819	-0.434024	-0.660356	-0.749884	-0.0347312	
8.07	0	1.52598	-2.15712	0	-17	-92.5184	31.1834	13.3898	174.904	-0.216922	0.294111	-0.930737	0.650032	-0.667824	-0.362529	-0.728264	-0.683536	-0.0463193	
8.17	0	1.66962	-2.20423	0	-17	-92.2374	26.0016	14.6413	176.174	-0.117165	0.273463	-0.954621	0.593015	-0.751775	-0.288102	-0.796602	-0.599803	-0.0739258	
8.27	0	1.81699	-2.25306	0	-17	-91.9628	20.1912	15.6875	177.336	-0.00056444	0.245344	-0.969333	0.506117	-0.835911	-0.211794	-0.862385	-0.490744	-0.123671	
8.37	0	1.96809	-2.30075	0	-17	-91.6834	14.0474	16.4117	178.326	0.116841	0.210854	-0.970436	0.397576	-0.90535	-0.148832	-0.910058	-0.368285	-0.189479	
8.47	0	2.12236	-2.34873	0	-17	-91.4056	8.49812	16.479	178.953	0.215323	0.185182	-0.958815	0.303713	-0.94575	-0.114353	-0.927982	-0.266529	-0.259769	
8.57	0	2.27921	-2.39727	0	-17	-91.123	3.21834	15.8364	179.307	0.307739	0.160874	-0.937667	0.210842	-0.97255	-0.0975218	-0.927777	-0.167558	-0.333206	
8.67	0	2.43835	-2.44381	0	-17	-90.842	-1.8692	14.4969	179.588	0.385406	0.148189	-0.910628	0.133279	-0.985511	-0.103903	-0.912984	-0.0812487	-0.399595	
8.77	0	2.59951	-2.49322	0	-17	-90.5547	-5.73819	12.0846	179.875	0.438579	0.153284	-0.885467	0.0875914	-0.987831	-0.127455	-0.894327	-0.0216218	-0.446609	
8.87	0	2.7624	-2.5412	0	-17	-90.2642	-9.25671	9.25132	179.879	0.482138	0.165536	-0.860328	0.0489469	-0.985437	-0.162072	-0.874653	0.0361477	-0.483185	
8.97	0	2.92729	-2.58745	0	-17	-89.9705	-11.7931	5.43653	179.986	0.511556	0.191798	-0.837493	0.0322968	-0.978168	-0.204334	-0.858618	0.0776604	-0.506527	
9.07	0	3.09189	-2.63628	0	-17	-89.6816	-13.2884	1.12173	180.135	0.533047	0.224328	-0.815825	0.0231612	-0.967525	-0.250851	-0.845751	0.11492	-0.520898	
9.17	0	-3.0264	-2.68311	0	-17	-89.372	-14.3259	-3.53863	180.062	0.544229	0.258735	-0.797918	0.0169604	-0.954353	-0.297742	-0.838695	0.148629	-0.523758	
9.27	0	-2.85403	-2.73367	0	-17	-89.0624	-14.4358	-8.01142	180.16	0.546734	0.298802	-0.782071	0.0159878	-0.937546	-0.346913	-0.837003	0.177263	-0.51738	
9.37	0	-2.69115	-2.78222	0	-17	-88.7592	-13.5089	-12.6238	180.004	0.541132	0.339347	-0.76935	0.0178816	-0.919347	-0.392865	-0.840714	0.198878	-0.503484	
9.47	0	-2.53028	-2.83077	0	-17	-88.4544	-11.8664	-16.9067	179.974	0.528	0.376893	-0.760917	0.0167997	-0.900436	-0.434303	-0.849075	0.216468	-0.481728	
9.57	0	-2.36941	-2.87702	0	-17	-88.1528	-9.39877	-21.0855	179.786	0.507759	0.415673	-0.754492	0.0173468	-0.880495	-0.47344	-0.861278	0.227419	-0.454252	
9.67	0	-2.21084	-2.92873	0	-17	-87.8591	-6.62053	-24.8821	179.609	0.484612	0.446562	-0.75205	0.00895643	-0.862171	-0.506187	-0.874621	0.238636	-0.421867	
9.77	0	-2.05485	-2.97814	0	-17	-87.5384	-3.28966	-27.8362	179.498	0.460278	0.469993	-0.753058	-0.0100999	-0.845374	-0.533757	-0.887622	0.253338	-0.384397	
9.87	0	-1.90231	-3.02726	0	-17	-87.2273	0.159161	-29.7771	179.3	0.436167	0.481849	-0.759841	-0.0390191	-0.833492	-0.550926	-0.898871	0.270039	-0.344753	
9.97	0	-1.75379	-3.07609	0	-17	-86.9098	3.94837	-31.2145	179.306	0.411925	0.483888	-0.772129	-0.0765893	-0.825882	-0.558414	-0.907878	0.289207	-0.303125	
10.07	0	-1.60785	-3.12608	0	-17	-86.5923	7.89337	-31.3369	179.587	0.391096	0.464966	-0.794207	-0.138341	-0.82344	-0.550057	-0.909793	0.324984	-0.257601	
10.17	0	-1.4668	3.10741	0	-17	-86.2748	11.7312	-31.0672	179.903	0.370446	0.438994	-0.818457	-0.198959	-0.82313	-0.531475	-0.907281	0.359814	-0.217445	
10.27	0	-1.32949	3.058	0	-17	-85.9605	15.3327	-29.9606	180.096	0.348164	0.407678	-0.844084	-0.260789	-0.822648	-0.504893	-0.900291	0.396008	-0.180002	
10.37	0	-1.19849	3.00772	0	-17	-85.635	19.0742	-28.1661	180.6	0.32796	0.360928	-0.872929	-0.334227	-0.819869	-0.464501	-0.883452	0.444252	-0.148216	
10.47	0	-1.07238	2.95745	0	-17	-85.3191	22.3769	-25.5087	181.078	0.30815	0.298091	-0.9034	-0.416319	-0.811518	-0.409664	-0.855248	0.502451	-0.125905	
10.58	0	-0.953164	2.90804	0	-17	-84.9699	25.5631	-22.312	181.601	0.287451	0.220229	-0.932045	-0.505125	-0.791874	-0.342751	-0.813662	0.569448	-0.116277	
10.68	0	-0.838831	2.85806	0	-17	-84.6412	28.4987	-18.6384	181.782	0.264275	0.13863	-0.954382	-0.585784	-0.76288	-0.272872	-0.766094	0.631341	-0.120371	
10.78	0	-0.730242	2.80865	0	-17	-84.3126	31.2852	-14.6248	182.297	0.236369	0.0413283	-0.970677	-0.668781	-0.717623	-0.193353	-0.704641	0.695018	-0.141916	
10.88	0	-0.623952	2.75608	0	-17	-83.9824	33.6926	-10.0158	182.38	0.204344	-0.057403	-0.977118	-0.744073	-0.657512	-0.116861	-0.63587	0.751148	-0.177014	
10.98	0	-0.52944	2.70724	0	-17	-83.6506	36.0815	-5.85943	182.284	0.171036	-0.152592	-0.973283	-0.806533	-0.588979	-0.0493028	-0.565762	0.793586	-0.223788	
11.08	0	-0.442397	2.6584	0	-17	-83.3252	38.2176	-1.57173	182.151	0.134719	-0.244131	-0.960267	-0.860306	-0.509358	0.00892685	-0.491313	0.825134	-0.278588	
11.18	0	-0.362823	2.60985	0	-17	-82.995	40.136	2.00346	181.854	0.0997806	-0.32446	-0.940471	-0.90027	-0.431529	0.0534911	-0.423305	0.841577	-0.335151	
11.28	0	-0.290431	2.56159	0	-17	-82.6537	41.8045	5.50418	181.403	0.0623965	-0.397929	-0.915239	-0.932311	-0.350345	0.0888734	-0.355971	0.847782	-0.392845	
11.38	0	-0.225795	2.51333	0	-17	-82.3108	43.2785	8.64957	180.93	0.0284035	-0.460561	-0.887028	-0.954928	-0.274562	0.112114	-0.295225	0.844033	-0.447669	
11.48	0	-0.169777	2.46507	0	-17	-81.9711	44.4254	11.3156	180.432	-0.00443461	-0.513836	-0.857826	-0.970495	-0.204017	0.127294	-0.240537	0.833272	-0.497796	
11.58	0	-0.121516	2.41681	0	-17	-81.6329	45.6078	13.7491	180.084	-0.0335771	-0.557938	-0.829006	-0.980726	-0.141004	0.134737	-0.192008	0.817681	-0.542519	
11.68	0	-0.0815849	2.36912	0	-17	-81.29	46.4499	15.7519	179.589	-0.0628044	-0.597825	-0.799004	-0.987133	-0.0802949	0.137735	-0.146516	0.797569	-0.585131	
11.78	0	-0.0496978	2.32143	0	-17	-80.944	47.3298	17.3169	179.228	-0.0880383	-0.626802	-0.774044	-0.989981	-0.0299106	0.137079	-0.109039	0.778497	-0.617896	
11.88	0	-0.0267162	2.27404	0	-17	-80.5995	48.0697	18.8677	178.666	-0.11592	-0.654291	-0.747139	-0.990529	0.021624	0.134883	-0.0720666	0.755854	-0.650683	
11.98	0	-0.0117781	2.22692	0	-17	-80.2566	49.0575	19.9535	178.485	-0.141616	-0.676755	-0.722272	-0.989079	0.0698195	0.128774	-0.0366156	0.732763	-0.679326	
12.08	0	-0.0048836	2.17981	0	-17	-79.9073	50.0133	20.809	177.996	-0.170111	-0.695575	-0.697827	-0.985306	0.117689	0.123038	-0.00344768	0.708647	-0.705459	
12.18	0	-0.00517087	2.13299	0	-17	-79.5406	50.7477	21.3949	177.765	-0.198731	-0.71084	-0.674453	-0.9796	0.163245	0.116582	0.0273201	0.684021	-0.728902	
12.28	0	-0.0149381	2.08645	0	-17	-79.1882	51.8367	21.7886	177.538	-0.225172	-0.722807	-0.653141	-0.972603	0.205669	0.1078	0.0565497	0.659655	-0.749397	
12.38	0	-0.0347598	2.03847	0	-17	-78.8358	52.6853	21.9794	177.221	-0.253207	-0.731364	-0.633102	-0.963646	0.247541	0.099548	0.0839867	0.635351	-0.767532	
12.48	0	-0.0640614	1.99251	0	-17	-78.4849	53.6458	21.6722	177.053	-0.281276	-0.735422	-0.616351	-0.953222	0.287759	0.091854	0.109906	0.613368	-0.782001	
12.59	0	-0.101119	1.94741	0	-17	-78.1341	54.4821	21.2733	176.903	-0.310678	-0.73749	-0.599465	-0.940839	0.327894	0.084507	0.134245	0.590365	-0.795819	
12.69	0	-0.14737	1.90116	0	-17	-77.7817	55.4167	20.5772	176.774	-0.341439	-0.73576	-0.584645	-0.926256	0.368641	0.0771672	0.158867	0.568021	-0.807389	
12.79	0	-0.201377	1.85634	0	-17	-77.4229	56.2641	19.4729	176.793	-0.369667	-0.731885	-0.572236	-0.911088	0.406218	0.0691181	0.181817	0.547038	-0.817013	
12.89	0	-0.263427	1.81153	0	-17	-77.0641	57.1257	18.283	176.799	-0.396343	-0.725301	-0.562665	-0.895297	0.440784	0.0625539	0.202742	0.528587	-0.82422	
12.99	0	-0.332947	1.76557	0	-17	-76.7006	57.661	17.1266	176.908	-0.422301	-0.716819	-0.554581	-0.878529	0.474168	0.056372	0.222717	0.511174	-0.830069	
13.09	0	-0.409648	1.72248	0	-17	-76.3529	58.2967	15.2311	177.219	-0.449482	-0.705956	-0.547152	-0.858976	0.509636	0.0482744	0.244765	0.49171	-0.835565	
13.19	0	-0.495255	1.67824	0	-17	-76.0052	58.7417	13.3548	177.499	-0.473174	-0.693124	-0.543482	-0.840025	0.540874	0.0417166	0.265044	0.476307	-0.83823	
13.29	0	-0.586894	1.63371	0	-17	-75.6322	58.8521	11.4047	177.895	-0.497004	-0.678026	-0.541333	-0.81912	0.572361	0.0352169	0.28595	0.461026	-0.839938	
13.39	0	-0.685715	1.59148	0	-17	-75.2671	58.546	9.60627	178.482	-0.518062	-0.661783	-0.541717	-0.797986	0.601817	0.0282365	0.307377	0.446945	-0.839962	
13.49	0	-0.791144	1.54868	0	-17	-74.9067	58.146	7.5089	179.199	-0.537325	-0.643559	-0.544848	-0.775774	0.630522	0.0202267	0.330546	0.433712	-0.838155	
13.59	0	-0.909499	1.50559	0	-17	-74.5289	57.5331	4.97972	179.966	-0.555381	-0.624255	-0.549123	-0.751276	0.659678	0.0100276	0.35604	0.418246	-0.835484	
13.69	0	-1.02843	1.46451	0	-17	-74.159	56.1817	2.80428	180.907	-0.56932	-0.60605	-0.555172	-0.728862	0.684485	0.00042389	0.379854	0.405033	-0.831598	
13.79	0	-1.1465	1.42285	0	-17	-73.8177	54.5277	0.882802	182.024	-0.580246	-0.587564	-0.56377	-0.705879	0.708145	-0.0113806	0.406018	0.391455	-0.825735	
13.89	0	-1.2818	1.37976	0	-17	-73.4224	52.5511	-0.837738	183.009	-0.589706	-0.569901	-0.57204	-0.681951	0.730841	-0.0249233	0.432297	0.375559	-0.819698	
13.99	0	-1.41653	1.33954	0	-17	-73.0636	50.3713	-2.31157	184.186	-0.597468	-0.552686	-0.580897	-0.656006	0.75344	-0.042057	0.461018	0.355963	-0.812734	
14.09	0	-1.55672	1.29961	0	-17	-72.7017	47.8587	-3.45506	185.336	-0.605091	-0.535816	-0.588604	-0.627887	0.775857	-0.0605581	0.489232	0.333022	-0.805945	
14.19	0	-1.70179	1.25968	0	-17	-72.3397	44.9481	-4.26343	186.655	-0.607994	-0.521895	-0.598103	-0.601537	0.794607	-0.0817576	0.51797	0.310223	-0.797091	
14.29	0	-1.84916	1.22061	0	-17	-71.973	41.8547	-4.66931	187.92	-0.606643	-0.512413	-0.607595	-0.577092	0.809582	-0.106501	0.5466	0.286111	-0.786959	
14.39	0	-2.00142	1.18212	0	-17	-71.6095	38.5664	-4.18313	189.296	-0.602863	-0.505409	-0.617177	-0.552934	0.822446	-0.133306	0.575006	0.260962	-0.775335	
14.49	0	-2.15683	1.14391	0	-17	-71.2412	35.0864	-3.10845	190.502	-0.595653	-0.505118	-0.624352	-0.531318	0.83085	-0.165157	0.602186	0.233396	-0.763379	
14.59	0	-2.31569	1.10571	0	-17	-70.8745	31.516	-1.3152	191.639	-0.586341	-0.510941	-0.628314	-0.512466	0.834861	-0.200581	0.627163	0.204477	-0.751458	
14.69	0	-2.4757	1.06807	0	-17	-70.5109	28.1711	1.62668	192.549	-0.576856	-0.522561	-0.627592	-0.494558	0.835088	-0.240548	0.650035	0.171658	-0.74023	
14.79	0	-2.63772	1.03073	0	-17	-70.1347	25.2569	5.06578	193.322	-0.569008	-0.538499	-0.62124	-0.478285	0.831379	-0.282443	0.668719	0.136533	-0.730727	
14.89	0	-2.80175	0.993957	0	-17	-69.7648	22.896	9.31645	193.797	-0.561463	-0.55908	-0.609853	-0.465233	0.822922	-0.325888	0.684211	0.100797	-0.7222	
14.99	0	-2.96607	0.957761	0	-17	-69.4044	21.0461	14.0271	193.83	-0.55831	-0.583334	-0.589795	-0.453458	0.809981	-0.371688	0.694624	0.0598776	-0.716736	
15.09	0	-3.13096	0.922426	0	-17	-69.0441	20.5244	19.4308	193.469	-0.555921	-0.611179	-0.56323	-0.445992	0.79118	-0.418138	0.701354	0.0186811	-0.712528	
15.19	0	2.98819	0.887379	0	-17	-68.6805	20.482	24.6771	192.627	-0.560973	-0.636119	-0.529529	-0.441725	0.771236	-0.458232	0.700058	-0.023062	-0.713654	
15.29	0	2.82387	0.853481	0	-17	-68.3138	21.3792	29.9238	191.474	-0.572407	-0.655959	-0.491699	-0.438696	0.75185	-0.4921	0.692598	-0.0659732	-0.718218	
15.39	0	2.66099	0.819583	0	-17	-67.9455	23.6833	34.613	190.191	-0.588025	-0.672494	-0.4493	-0.437326	0.731667	-0.522636	0.680343	-0.110793	-0.724303	
15.49	0	2.49897	0.786547	0	-17	-67.5772	26.3971	39.0595	188.52	-0.60674	-0.684975	-0.403187	-0.43821	0.711508	-0.549198	0.663177	-0.156521	-0.731788	
15.59	0	2.33896	0.754373	0	-17	-67.2073	29.8523	42.7504	186.605	-0.628965	-0.69043	-0.357057	-0.440777	0.695233	-0.567616	0.640247	-0.199705	-0.741597	
15.69	0	2.18067	0.722199	0	-17	-66.8327	33.9479	45.3809	184.699	-0.653866	-0.689019	-0.312136	-0.442268	0.683045	-0.581039	0.613779	-0.241784	-0.751488	
15.79	0	2.02669	0.690886	0	-17	-66.4691	37.9219	47.3773	182.764	-0.67949	-0.682884	-0.267811	-0.446796	0.674895	-0.587053	0.5818	-0.279231	-0.76373	
15.89	0	1.87588	0.660148	0	-17	-66.1199	42.5432	48.466	181.008	-0.707484	-0.668446	-0.228824	-0.444314	0.672718	-0.591492	0.549501	-0.316786	-0.772998	
16	0	1.72018	0.629123	0	-17	-65.7357	47.0744	49.0117	179.324	-0.733035	-0.652929	-0.190018	-0.445292	0.672117	-0.591398	0.514032	-0.348836	-0.783537	
16.1	0	1.58257	0.601545	0	-17	-65.3912	51.3847	48.7855	177.501	-0.757753	-0.634123	-0.153372	-0.444645	0.674059	-0.589689	0.477373	-0.378621	-0.792748	
16.2	0	1.43578	0.571956	0	-17	-65.0007	56.1556	48.1533	175.807	-0.78105	-0.612687	-0.120166	-0.442717	0.679322	-0.585106	0.440247	-0.40383	-0.801802	
16.3	0	1.30162	0.544378	0	-17	-64.6372	60.3649	46.9324	174.412	-0.804967	-0.58644	-0.0888005	-0.438739	0.689606	-0.575912	0.399085	-0.424683	-0.812457	
16.4	0	1.17063	0.517375	0	-17	-64.2752	64.2479	44.7063	172.902	-0.827337	-0.558242	-0.0604203	-0.430652	0.700029	-0.569389	0.360302	-0.445093	-0.819638	
16.5	0	1.04595	0.490658	0	-17	-63.9022	68.1547	42.6798	171.89	-0.848182	-0.528144	-0.0363726	-0.420308	0.713769	-0.560008	0.321896	-0.459815	-0.827559	
16.6	0	0.927597	0.464804	0	-17	-63.5323	71.5167	39.982	170.838	-0.867238	-0.497534	-0.015006	-0.407435	0.72687	-0.552679	0.286099	-0.473131	-0.83312	
16.7	0	0.814987	0.439237	0	-17	-63.183	74.4557	37.4435	170.071	-0.884408	-0.466494	0.00208828	-0.392223	0.741312	-0.544455	0.25264	-0.482383	-0.838628	
16.8	0	0.708122	0.414244	0	-17	-62.8338	77.0827	34.7981	169.412	-0.899302	-0.436744	0.0168485	-0.376774	0.75498	-0.536505	0.221766	-0.488858	-0.843553	
16.9	0	0.607578	0.390401	0	-17	-62.4655	79.1676	31.7037	168.816	-0.912374	-0.407912	0.0312039	-0.361222	0.767433	-0.529384	0.192131	-0.494245	-0.847654	
17	0	0.514502	0.367132	0	-17	-62.1067	81.1608	29.2006	168.45	-0.924042	-0.379659	0.0420405	-0.34453	0.781388	-0.520138	0.164817	-0.495104	-0.852869	
17.1	0	0.428608	0.344725	0	-17	-61.7479	82.6102	26.4685	168.123	-0.934123	-0.352487	0.0531127	-0.328263	0.792518	-0.513721	0.139115	-0.497446	-0.856197	
17.2	0	0.350183	0.322318	0	-17	-61.3828	84.0717	23.9629	167.852	-0.943156	-0.326299	0.0613397	-0.310899	0.803506	-0.507427	0.116354	-0.49768	-0.859354	
17.3	0	0.279227	0.300772	0	-17	-61.0399	85.435	21.2573	167.828	-0.951102	-0.30092	0.0690372	-0.29359	0.812289	-0.503925	0.0956889	-0.499552	-0.860858	
17.4	0	0.216315	0.280376	0	-17	-60.6732	86.258	19.2812	167.6	-0.957115	-0.279155	0.0764289	-0.279079	0.820088	-0.499511	0.0768569	-0.499389	-0.862778	
17.5	0	0.160872	0.260267	0	-17	-60.3001	87.307	16.9059	167.638	-0.963137	-0.255666	0.0828603	-0.262284	0.827007	-0.497115	0.0586482	-0.500557	-0.863552	
17.6	0	0.114046	0.24102	0	-17	-59.9493	87.9192	14.9232	167.408	-0.967819	-0.234711	0.0897185	-0.247824	0.83251	-0.495236	0.0416665	-0.501562	-0.863998	
17.7	0	0.0746904	0.223209	0	-17	-59.608	88.6592	13.2875	167.457	-0.971432	-0.216716	0.095586	-0.235313	0.837447	-0.493005	0.0268841	-0.501487	-0.864621	
17.8	0	0.0442397	0.205686	0	-17	-59.2412	89.2894	11.7484	167.381	-0.97468	-0.198738	0.101326	-0.222703	0.841501	-0.491893	0.0125985	-0.502063	-0.864553	
17.9	0	0.0224071	0.187875	0	-17	-58.9111	89.5957	10.5056	167.272	-0.97684	-0.184776	0.107443	-0.213664	0.843779	-0.492215	0.00039534	-0.50378	-0.863757	
18	0	0.00890539	0.170352	0	-17	-58.5396	90.1304	9.2772	167.269	-0.978634	-0.170694	0.113537	-0.204671	0.844397	-0.494908	-0.0111804	-0.507749	-0.861328	
18.1	0	0.00430906	0.155701	0	-17	-58.184	90.6757	9.024	167.241	-0.979726	-0.160419	0.118756	-0.198449	0.845534	-0.495529	-0.0206935	-0.509084	-0.86038	
18.2	0	0.00574541	0.140763	0	-17	-57.8427	91.1079	8.31789	167.171	-0.980676	-0.149747	0.125153	-0.192668	0.844206	-0.500009	-0.0306697	-0.514509	-0.856805	
18.3	0	0.0175235	0.125825	0	-17	-57.4902	91.4366	8.07966	167.273	-0.981251	-0.139498	0.13209	-0.187621	0.842623	-0.504568	-0.0407659	-0.519919	-0.853108	
18.4	0	0.0399306	0.11261	0	-17	-57.1457	91.7624	8.00245	167.011	-0.981597	-0.131144	0.138652	-0.184323	0.839435	-0.511106	-0.0492616	-0.527253	-0.848081	
18.5	0	0.0700941	0.0999702	0	-17	-56.7901	92.0993	8.39871	167.027	-0.981454	-0.124092	0.145619	-0.182505	0.835417	-0.518374	-0.0571427	-0.53539	-0.842592	
18.61	0	0.10945	0.0873303	0	-17	-56.4552	92.2155	9.20803	166.885	-0.980942	-0.118812	0.153178	-0.182776	0.830347	-0.52621	-0.0646473	-0.544283	-0.836274	
18.71	0	0.15685	0.0758395	0	-17	-56.1282	92.4463	9.91489	166.957	-0.980475	-0.115659	0.15855	-0.183823	0.823636	-0.536284	-0.0684802	-0.55502	-0.828918	
18.81	0	0.212293	0.0652105	0	-17	-55.7869	92.7921	11.1522	166.949	-0.979785	-0.114933	0.163245	-0.18685	0.815414	-0.547607	-0.0701034	-0.567215	-0.820426	
18.91	0	0.275205	0.0557305	0	-17	-55.4408	92.6953	12.5942	166.925	-0.978727	-0.116219	0.168563	-0.192078	0.806581	-0.558937	-0.0708683	-0.579503	-0.811691	
19.01	0	0.346448	0.0465379	0	-17	-55.0852	92.8243	14.5701	166.913	-0.977727	-0.121043	0.17126	-0.198665	0.796434	-0.570937	-0.0672364	-0.592264	-0.802723	
19.11	0	0.424873	0.0390688	0	-17	-54.774	92.5124	16.5926	167.238	-0.976731	-0.125656	0.173684	-0.204782	0.785434	-0.583819	-0.062862	-0.605903	-0.792916	
19.21	0	0.514215	0.0304507	0	-17	-54.42	92.1932	18.7013	167.305	-0.976138	-0.129838	0.17372	-0.209201	0.774106	-0.597304	-0.0567745	-0.619396	-0.78291	
19.31	0	0.608152	0.0238435	0	-17	-54.0739	91.77	20.9985	167.995	-0.975965	-0.134907	0.170677	-0.212457	0.760309	-0.61369	-0.0468766	-0.63532	-0.770685	
19.41	0	0.708122	0.0178108	0	-17	-53.7437	90.4537	23.5687	168.337	-0.97529	-0.142139	0.169012	-0.217637	0.74674	-0.62835	-0.036739	-0.649613	-0.759167	
19.51	0	0.814987	0.0126399	0	-17	-53.4262	89.5826	25.9951	169.193	-0.975696	-0.148497	0.160729	-0.217711	0.732992	-0.644304	-0.0220809	-0.663651	-0.747512	
19.61	0	0.929895	0.00861812	0	-17	-53.1135	88.0484	28.5232	170.15	-0.975636	-0.157646	0.151812	-0.218874	0.718842	-0.659572	-0.00509984	-0.676836	-0.735883	
19.71	0	1.04997	0.00517087	0	-17	-52.7865	86.0616	30.8272	171.008	-0.97598	-0.165774	0.140309	-0.216742	0.705163	-0.674957	0.0131053	-0.689284	-0.724246	
19.81	0	1.17436	0.00229817	0	-17	-52.4452	83.9683	33.0984	172.404	-0.976743	-0.173231	0.125403	-0.21131	0.691849	-0.69032	0.0330272	-0.700846	-0.712382	
19.91	0	1.30536	0.00057454	0	-17	-52.1292	81.7744	35.3914	174.19	-0.97713	-0.184528	0.104584	-0.203977	0.681931	-0.702215	0.0584059	-0.707583	-0.704064	
20.01	0	1.44124	-0.00028727	0	-17	-51.8022	79.1294	37.0278	175.934	-0.97767	-0.193684	0.0812766	-0.19272	0.673438	-0.713497	0.0835449	-0.713215	-0.69576	
20.11	0	1.58257	-0.00028727	0	-17	-51.4831	76.1326	37.7489	178.211	-0.980571	-0.188499	0.0517302	-0.166773	0.669747	-0.723552	0.101838	-0.718184	-0.688165	
20.21	0	1.72707	-0.00028727	0	-17	-51.1672	72.7068	38.4386	180.593	-0.981808	-0.188429	0.0207219	-0.14346	0.66729	-0.730767	0.124025	-0.720404	-0.682098	
20.31	0	1.87588	-0.00028727	0	-17	-50.8481	69.1866	38.6203	182.916	-0.980884	-0.193884	-0.0110885	-0.123613	0.667557	-0.73409	0.149847	-0.718684	-0.678815	
20.41	0	2.02928	-0	0	-17	-50.5354	65.6689	38.279	185.316	-0.979568	-0.196051	-0.0422209	-0.102711	0.671635	-0.733612	0.172342	-0.714324	-0.678031	
20.51	0	2.18527	0.00258544	0	-17	-50.2449	61.8206	36.9653	188.24	-0.978335	-0.190039	-0.0805601	-0.0721865	0.681095	-0.728451	0.193462	-0.707001	-0.680068	
20.61	0	2.35102	0.00603269	0	-17	-49.9226	57.7539	34.7446	191.074	-0.975976	-0.183345	-0.117406	-0.0443445	0.695572	-0.716874	0.213179	-0.694528	-0.687053	
20.71	0	2.5119	0.0112036	0	-17	-49.602	54.4711	31.9423	193.649	-0.972606	-0.174725	-0.15267	-0.018344	0.714243	-0.699529	0.231388	-0.677627	-0.697907	
20.81	0	2.6765	0.0183853	0	-17	-49.3067	51.0683	28.1901	195.963	-0.969126	-0.166928	-0.180937	-0.00042017	0.736103	-0.676672	0.246366	-0.655795	-0.713527	
20.91	0	2.83967	0.0247053	0	-17	-49.0019	48.6573	23.568	198.059	-0.966198	-0.152369	-0.207358	0.0189577	0.76131	-0.647871	0.256662	-0.63011	-0.732764	
21.01	0	3.00543	0.0324616	0	-17	-48.6971	46.8858	18.3415	199.638	-0.965177	-0.133784	-0.22454	0.0340056	0.787383	-0.615292	0.259345	-0.60153	-0.755447	
21.11	0	-3.1143	0.0407924	0	-17	-48.3939	45.9905	12.7933	200.748	-0.964898	-0.117908	-0.234098	0.0412864	0.81359	-0.579891	0.258959	-0.569265	-0.780153	
21.21	0	-2.94998	0.0491233	0	-17	-48.1018	46.0713	7.35417	201.116	-0.966319	-0.102917	-0.235267	0.0429656	0.838371	-0.543228	0.253317	-0.535013	-0.805765	
21.31	0	-2.78624	0.058316	0	-17	-47.8097	47.1322	1.70757	201.004	-0.969326	-0.0902049	-0.22836	0.0390371	0.861681	-0.505666	0.242425	-0.499196	-0.831737	
21.41	0	-2.62336	0.0683704	0	-17	-47.5128	49.0572	-3.78309	200.396	-0.974472	-0.0764586	-0.210594	0.0320404	0.882731	-0.468499	0.221888	-0.463369	-0.857793	
21.52	0	-2.4622	0.0789994	0	-17	-47.2286	51.9765	-8.51289	199.158	-0.979914	-0.0680039	-0.187096	0.0208049	0.899785	-0.435671	0.198098	-0.430892	-0.880287	
21.62	0	-2.30276	0.090203	0	-17	-46.9508	55.4491	-12.4716	197.415	-0.985274	-0.0654752	-0.15705	0.00356437	0.914772	-0.403706	0.170306	-0.398315	-0.901125	
21.72	0	-2.14649	0.102556	0	-17	-46.6841	59.2614	-15.8523	195.393	-0.98987	-0.0690078	-0.123405	-0.0172256	0.925311	-0.378617	0.140486	-0.372632	-0.917225	
21.82	0	-1.99251	0.115196	0	-17	-46.392	63.4255	-17.731	193.179	-0.992997	-0.0775224	-0.0882809	-0.0413391	0.933982	-0.354709	0.110093	-0.348692	-0.93063	
21.92	0	-1.84083	0.12841	0	-17	-46.1015	67.933	-19.2828	190.843	-0.995079	-0.0849213	-0.0492563	-0.0634891	0.939291	-0.336802	0.0749689	-0.332122	-0.940174	
22.02	0	-1.69289	0.143061	0	-17	-45.8158	72.3393	-19.9906	188.094	-0.995641	-0.0922532	-0.00681931	-0.0851012	0.942614	-0.322833	0.0363381	-0.320884	-0.946265	
22.12	0	-1.54896	0.158286	0	-17	-45.5586	76.776	-19.8008	185.645	-0.993954	-0.104421	0.0325099	-0.109371	0.943084	-0.313869	0.00225642	-0.315602	-0.948834	
22.22	0	-1.4105	0.173799	0	-17	-45.2808	80.5649	-18.8634	183.104	-0.990089	-0.11984	0.0714825	-0.136148	0.941385	-0.308399	-0.0302112	-0.315237	-0.948458	
22.32	0	-1.26974	0.189599	0	-17	-45.0014	84.2645	-17.2057	180.901	-0.984796	-0.135424	0.108237	-0.162599	0.938315	-0.304973	-0.0602184	-0.317948	-0.946126	
22.42	0	-1.14707	0.206548	0	-17	-44.7331	87.6449	-15.3551	178.64	-0.97787	-0.15421	0.141191	-0.191206	0.932602	-0.305849	-0.0843509	-0.326156	-0.941463	
22.52	0	-1.01723	0.224071	0	-17	-44.468	90.72	-12.626	176.504	-0.968373	-0.176998	0.175601	-0.224573	0.925004	-0.306156	-0.108103	-0.335921	-0.935497	
22.62	0	-0.900019	0.243606	0	-17	-44.2156	93.4645	-9.63574	174.493	-0.958879	-0.198726	0.201998	-0.254793	0.916601	-0.307888	-0.123803	-0.346825	-0.929643	
22.72	0	-0.788558	0.262278	0	-17	-43.96	95.3286	-6.79386	172.956	-0.948791	-0.219144	0.227107	-0.284074	0.906717	-0.311539	-0.13754	-0.360156	-0.922525	
22.82	0	-0.68313	0.282674	0	-17	-43.7076	96.9823	-3.61593	171.562	-0.937804	-0.242307	0.248124	-0.3147	0.895265	-0.314965	-0.145671	-0.373572	-0.915983	
22.92	0	-0.58517	0.303071	0	-17	-43.4583	98.5341	-0.140897	170.753	-0.927038	-0.266581	0.263379	-0.344345	0.88325	-0.317966	-0.147834	-0.385444	-0.910725	
23.02	0	-0.493818	0.324329	0	-17	-43.2123	99.5286	2.98404	169.678	-0.915504	-0.288446	0.280157	-0.372534	0.870577	-0.321275	-0.151086	-0.39855	-0.904551	
23.12	0	-0.409935	0.346161	0	-17	-42.963	100.071	5.80549	168.637	-0.904472	-0.307437	0.295342	-0.397677	0.857844	-0.324998	-0.153237	-0.411523	-0.898289	
23.22	0	-0.333234	0.36943	0	-17	-42.7106	100.846	8.90865	168.174	-0.893793	-0.329038	0.304592	-0.422678	0.844904	-0.327465	-0.149431	-0.421487	-0.894362	
23.32	0	-0.263715	0.392986	0	-17	-42.4646	100.853	12.0975	167.604	-0.881399	-0.352158	0.3145	-0.448985	0.831297	-0.327486	-0.145991	-0.429907	-0.890873	
23.42	0	-0.201951	0.417117	0	-17	-42.2264	101.076	14.6789	167.414	-0.870281	-0.373667	0.320653	-0.472267	0.817595	-0.329145	-0.139021	-0.437815	-0.888125	
23.52	0	-0.148519	0.44211	0	-17	-41.9978	100.858	17.2468	167.12	-0.858309	-0.395301	0.326808	-0.495267	0.804067	-0.328493	-0.132788	-0.443844	-0.8861	
23.62	0	-0.103992	0.467389	0	-17	-41.7565	100.859	19.6228	167.035	-0.847256	-0.416719	0.328888	-0.516308	0.791167	-0.327709	-0.123516	-0.447485	-0.885541	
23.72	0	-0.065785	0.49468	0	-17	-41.5263	100.54	21.9042	167.189	-0.834869	-0.439626	0.330892	-0.538182	0.777369	-0.325318	-0.114006	-0.44963	-0.885794	
23.83	0	-0.0376325	0.521684	0	-17	-41.2993	100.333	24.1707	167.212	-0.822393	-0.462558	0.330804	-0.559058	0.763964	-0.321763	-0.103771	-0.449572	-0.887081	
23.93	0	-0.0186726	0.549549	0	-17	-41.0834	99.6833	26.2182	167.266	-0.809315	-0.485433	0.330206	-0.579403	0.751248	-0.315721	-0.0946416	-0.44694	-0.88942	
24.03	0	-0.00718177	0.577989	0	-17	-40.8548	99.3711	27.9738	167.664	-0.796527	-0.508423	0.326798	-0.598514	0.738984	-0.309019	-0.0842997	-0.441758	-0.89297	
24.13	0	-0.00430906	0.606429	0	-17	-40.6421	98.7328	29.6157	168.073	-0.782778	-0.53189	0.322572	-0.617585	0.727031	-0.299896	-0.0748205	-0.433897	-0.897711	
24.23	0	-0.00746904	0.63573	0	-17	-40.431	98.2038	30.5847	168.449	-0.768916	-0.554709	0.317646	-0.635811	0.714633	-0.291345	-0.0652151	-0.426005	-0.902213	
24.33	0	-0.0218326	0.666181	0	-17	-40.2278	97.6933	31.8905	168.97	-0.753536	-0.580092	0.309085	-0.654963	0.701919	-0.279538	-0.0546485	-0.413114	-0.908975	
24.43	0	-0.0465379	0.696919	0	-17	-40.0182	96.8447	32.6623	169.566	-0.738395	-0.603522	0.3004	-0.672494	0.690416	-0.265944	-0.0467633	-0.398517	-0.915911	
24.53	0	-0.0792867	0.728806	0	-17	-39.8134	96.4252	33.008	170.187	-0.724998	-0.624955	0.289026	-0.687453	0.68087	-0.2524	-0.0388772	-0.381651	-0.923386	
24.63	0	-0.12209	0.762417	0	-17	-39.5944	95.7019	33.4139	171.44	-0.709482	-0.649259	0.273554	-0.703961	0.669721	-0.236038	-0.0298964	-0.360055	-0.93235	
24.73	0	-0.171788	0.795165	0	-17	-39.3896	94.8673	33.4501	172.396	-0.693247	-0.673071	0.257144	-0.720234	0.657783	-0.22007	-0.020906	-0.337792	-0.940908	
24.83	0	-0.229529	0.828489	0	-17	-39.1991	94.0159	33.0976	173.608	-0.679115	-0.694112	0.238321	-0.733819	0.647754	-0.204517	-0.0122721	-0.313786	-0.949316	
24.93	0	-0.293878	0.862674	0	-17	-38.9974	93.1793	32.668	175.122	-0.663966	-0.716144	0.214684	-0.747538	0.636453	-0.18929	-0.00094329	-0.286265	-0.958098	
25.03	0	-0.367132	0.897146	0	-17	-38.8244	91.9122	32.1404	176.741	-0.64728	-0.738557	0.188117	-0.762101	0.623796	-0.173136	0.0105248	-0.255397	-0.966698	
25.13	0	-0.448142	0.931619	0	-17	-38.6291	90.6311	31.2119	178.512	-0.632196	-0.757987	0.159838	-0.774268	0.612103	-0.159977	0.0234769	-0.224864	-0.974049	
25.23	0	-0.536047	0.967528	0	-17	-38.4529	89.2375	30.0941	180.417	-0.61736	-0.775542	0.130829	-0.785633	0.600121	-0.149996	0.0379134	-0.195376	-0.979936	
25.33	0	-0.636305	1.00344	0	-17	-38.2735	87.108	29.0011	182.608	-0.598241	-0.795394	0.0955198	-0.799203	0.584516	-0.13951	0.0553104	-0.159828	-0.985545	
25.44	0	-0.733402	1.03963	0	-17	-38.1227	84.8603	27.7286	184.929	-0.579984	-0.812325	0.0589874	-0.811119	0.569557	-0.132582	0.0743234	-0.124659	-0.989287	
25.54	0	-0.847736	1.07841	0	-17	-37.9354	82.1986	26.2676	187.482	-0.558596	-0.828992	0.0197833	-0.823385	0.551762	-0.131438	0.0981299	-0.0897284	-0.990986	
25.64	0	-0.962357	1.11605	0	-17	-37.7624	78.6929	25.1029	190.538	-0.532997	-0.845676	-0.0233054	-0.836899	0.531257	-0.131278	0.123449	-0.050392	-0.990939	
25.74	0	-1.08416	1.15397	0	-17	-37.6004	74.9645	23.6848	193.203	-0.506501	-0.859767	-0.0644044	-0.84869	0.510403	-0.137626	0.151236	-0.0149018	-0.988222	
25.84	0	-1.21113	1.19217	0	-17	-37.4401	70.5842	22.4298	196.088	-0.478525	-0.871607	-0.105203	-0.858974	0.489645	-0.148935	0.181498	0.0191637	-0.983148	
25.94	0	-1.34328	1.23096	0	-17	-37.2845	65.7908	21.5328	199.054	-0.447239	-0.882399	-0.145453	-0.868255	0.467439	-0.165737	0.214364	0.0521084	-0.975265	
26.04	0	-1.48059	1.27002	0	-17	-37.1385	60.3576	20.8535	201.925	-0.412594	-0.892359	-0.182051	-0.876168	0.443646	-0.188144	0.248721	0.0819064	-0.965033	
26.14	0	-1.62222	1.31024	0	-17	-36.9893	54.5094	20.6096	204.665	-0.374476	-0.901791	-0.215452	-0.882109	0.418112	-0.216391	0.285306	0.109086	-0.952161	
