   0.0000000e+00   0.0000000e+00  -4.5388800e-01   4.1367000e-02   0.0000000e+00  -1.7000000e+01  -1.0380900e+02   5.1956700e+01  -7.3604400e+00   1.5553900e+02  -8.1561300e-01   1.1471000e-01  -5.6692300e-01   4.1697500e-01   7.9600900e-01  -4.3869500e-01   4.0097100e-01  -5.9419900e-01  -6.9710300e-01
   1.0000000e-01   0.0000000e+00  -2.6934500e+00  -1.0152100e+00   0.0000000e+00  -1.7000000e+01  -6.9990200e+01   1.9168500e+01  -3.0134700e+01   1.9082700e+02  -4.8732100e-01   7.2466900e-01  -4.8704200e-01   8.4638600e-01   2.5498900e-01  -4.6745300e-01  -2.1459300e-01  -6.4015100e-01  -7.3745200e-01
   2.0000000e-01   0.0000000e+00  -1.4938100e-02   2.0864500e+00   0.0000000e+00  -1.7000000e+01  -7.9188200e+01   5.1836700e+01   2.1788600e+01   1.7753800e+02  -2.2517200e-01  -7.2280700e-01  -6.5314100e-01  -9.7260300e-01   2.0566900e-01   1.0780000e-01   5.6549700e-02   6.5965500e-01  -7.4939700e-01
   3.0000000e-01   0.0000000e+00   2.9324600e+00  -8.7502700e-01   0.0000000e+00  -1.7000000e+01  -6.8542400e+01   2.5144300e+01  -6.4737900e+00   1.9490300e+02  -6.3336500e-01   5.1604200e-01  -5.7650300e-01   7.7056300e-01   3.5245600e-01  -5.3092300e-01  -7.0697200e-02  -7.8064400e-01  -6.2084000e-01
   4.0000000e-01   0.0000000e+00   2.4024500e+00  -1.9192600e+00   0.0000000e+00  -1.7000000e+01  -3.5239800e+01  -1.0467700e+01  -2.7860900e+01   2.1443900e+02   3.3324800e-01   9.0330500e-01  -2.7027700e-01   7.3433800e-01  -4.2843300e-01  -5.2636900e-01  -5.9130000e-01  -2.3047300e-02  -8.0604000e-01
   5.0000000e-01   0.0000000e+00  -2.5423500e+00  -2.8310500e+00   0.0000000e+00  -1.7000000e+01  -8.8483000e+01  -7.6705800e+00  -2.5035100e+01   1.7965300e+02   5.1568500e-01   4.1758700e-01  -7.4810200e-01  -5.9065500e-02  -8.5370500e-01  -5.1708800e-01  -8.5467500e-01   3.1092100e-01  -4.1551000e-01
   6.0000000e-01   0.0000000e+00   1.6403200e-01  -2.5768200e-01   0.0000000e+00  -1.7000000e+01  -6.0331900e+01   8.8089400e+01   2.5615600e-01   1.6909400e+02  -9.8076300e-01   1.9125100e-01   3.7782900e-02   1.0986100e-01   7.0242500e-01  -7.0311800e-01  -1.6098600e-01  -6.8557500e-01  -7.0985400e-01
   7.0000000e-01   0.0000000e+00  -1.9023100e+00  -3.0272600e+00   0.0000000e+00  -1.7000000e+01  -8.7227300e+01   1.5916100e-01  -2.9777100e+01   1.7930000e+02   4.3616700e-01   4.8184900e-01  -7.5984100e-01  -3.9019100e-02  -8.3349200e-01  -5.5092600e-01  -8.9887100e-01   2.7003900e-01  -3.4475300e-01
   8.1000000e-01   0.0000000e+00  -2.7830800e+00  -9.9941500e-01   0.0000000e+00  -1.7000000e+01  -6.9788600e+01   1.7271000e+01  -3.8555700e+01   1.8802800e+02  -3.6928100e-01   8.1958000e-01  -4.3810400e-01   8.6448200e-01   1.2991500e-01  -4.8549900e-01  -3.4103300e-01  -5.5800400e-01  -7.5636800e-01
   9.1000000e-01   0.0000000e+00   2.1631500e-01   2.8037600e-01   0.0000000e+00  -1.7000000e+01  -6.0673200e+01   8.6258000e+01   1.9281200e+01   1.6760000e+02  -9.5711500e-01  -2.7915500e-01   7.6428900e-02  -2.7907900e-01   8.2008800e-01  -4.9951100e-01   7.6856900e-02  -4.9938900e-01  -8.6277800e-01
   1.0100000e+00   0.0000000e+00  -2.7106900e+00  -1.6001000e+00   0.0000000e+00  -1.7000000e+01  -3.6032000e+01  -2.8701200e+00  -5.9282100e+01   2.0379000e+02   9.4824600e-02   9.9407000e-01  -5.3183500e-02   8.1435200e-01  -1.0807800e-01  -5.7008300e-01  -5.7245500e-01   1.0722800e-02  -8.1969200e-01
   1.1100000e+00   0.0000000e+00   2.0962100e+00   4.9898900e-01   0.0000000e+00  -1.7000000e+01  -1.0151300e+02   2.1821100e+01   2.6367000e+01   1.6542700e+02  -5.1681200e-01  -4.1990900e-01  -7.4596200e-01  -6.5622900e-02   8.8819200e-01  -4.5451100e-01   8.5359200e-01  -1.8578300e-01  -4.8663200e-01
   1.2100000e+00   0.0000000e+00  -1.9896400e+00   1.1847000e+00   0.0000000e+00  -1.7000000e+01  -7.1653900e+01   3.0521000e+01   1.7564400e+00   1.9170700e+02  -5.1500100e-01  -5.9228900e-01  -6.1940600e-01  -6.1459500e-01   7.5894100e-01  -2.1456500e-01   5.9735300e-01   2.7030200e-01  -7.5500200e-01
   1.3100000e+00   0.0000000e+00   8.6181000e-04   8.6181000e-04   0.0000000e+00  -1.7000000e+01  -1.0401300e+02   5.3267900e+01   1.1139500e+00   1.5526300e+02  -8.2268700e-01  -2.2882400e-02  -5.6791700e-01   2.8508300e-01   8.4777000e-01  -4.4708100e-01   4.9181400e-01  -5.2972300e-01  -6.9093300e-01
   1.4100000e+00   0.0000000e+00   1.1841300e+00   6.8427900e-01   0.0000000e+00  -1.7000000e+01  -1.0054600e+02   4.4179900e+01   2.8723900e+01   1.5877100e+02  -6.5615500e-01  -5.1557800e-01  -5.5083800e-01  -3.5088100e-01   8.5482700e-01  -3.8202100e-01   6.6795300e-01  -5.7404400e-02  -7.4192600e-01
   1.5100000e+00   0.0000000e+00  -7.9229300e-01   2.6227800e-01   0.0000000e+00  -1.7000000e+01  -4.3963100e+01   9.9101000e+01  -4.3311400e+00   1.7020400e+02  -9.3484400e-01  -2.2382100e-01   2.7511300e-01  -3.0828100e-01   8.9628500e-01  -3.1840500e-01  -1.7523200e-01  -3.8257400e-01  -9.0706400e-01
   1.6100000e+00   0.0000000e+00   0.0000000e+00   2.8727000e-04   0.0000000e+00  -1.7000000e+01  -1.0401000e+02   5.3267100e+01   1.2272100e+00   1.5525100e+02  -8.2280500e-01  -2.2608600e-02  -5.6770400e-01   2.8496800e-01   8.4805900e-01  -4.4674700e-01   4.9168800e-01  -5.2939100e-01  -6.9122000e-01
   1.7100000e+00   0.0000000e+00   9.3047000e-01   4.6480400e-01   0.0000000e+00  -1.7000000e+01  -6.3559300e+01   7.6745100e+01   3.7931700e+01   1.6840200e+02  -8.7504700e-01  -4.8214700e-01   4.1244800e-02  -4.2896400e-01   7.3355300e-01  -5.2695900e-01   2.2392300e-01  -4.7881800e-01  -8.4869800e-01
   1.8100000e+00   0.0000000e+00   2.0847200e+00  -6.8945000e-03   0.0000000e+00  -1.7000000e+01  -5.0416300e+01   5.9087200e+01   2.5902300e+01   1.9270400e+02  -9.8733300e-01   1.0561000e-04  -1.5819900e-01   1.1732700e-01   6.7156500e-01  -7.3139700e-01   1.0630100e-01  -7.4080400e-01  -6.6304600e-01
   1.9100000e+00   0.0000000e+00  -2.3745800e+00   1.5136300e+00   0.0000000e+00  -1.7000000e+01  -3.6293900e+01   9.0966400e+00   3.7430300e+01   2.1134200e+02  -4.3547700e-02  -9.7570600e-01  -2.1420800e-01  -8.6606100e-01   1.4379800e-01  -4.7860700e-01   4.9790700e-01   1.6480600e-01  -8.5139000e-01
   2.0100000e+00   0.0000000e+00   2.7836500e-01   5.6017800e-02   0.0000000e+00  -1.7000000e+01  -5.5447100e+01   9.4037900e+01   1.3770800e+01   1.6652200e+02  -9.7779600e-01  -9.0088100e-02   1.8893900e-01  -1.8630400e-01   7.8621500e-01  -5.8890800e-01  -9.5361700e-02  -6.1115800e-01  -7.8553700e-01
   2.1100000e+00   0.0000000e+00  -1.4803100e+00  -3.1074100e+00   0.0000000e+00  -1.7000000e+01  -8.6293800e+01   1.1145800e+01  -3.0456600e+01   1.7983500e+02   3.7934500e-01   4.3291800e-01  -8.1770100e-01  -2.0137200e-01  -8.2385400e-01  -5.2949400e-01  -9.0298900e-01   3.6556500e-01  -2.2527400e-01
   2.2100000e+00   0.0000000e+00   0.0000000e+00   2.8727000e-04   0.0000000e+00  -1.7000000e+01  -1.0401000e+02   5.3267900e+01   1.1152200e+00   1.5526400e+02  -8.2268500e-01  -2.2745800e-02  -5.6781100e-01   2.8520500e-01   8.4764800e-01  -4.4706800e-01   4.9169100e-01  -5.2984400e-01  -6.9091500e-01
   2.3100000e+00   0.0000000e+00   1.8730100e-01   2.8212900e+00   0.0000000e+00  -1.7000000e+01  -3.4098400e+01   1.9712400e+01   3.1256300e+01   2.1595700e+02   7.6652200e-01  -4.1884900e-01  -4.8678500e-01  -5.8026800e-01  -7.7623000e-01  -2.4551800e-01  -2.7497200e-01   4.7084400e-01  -8.3816600e-01
   2.4100000e+00   0.0000000e+00  -4.6537900e-02   6.9691900e-01   0.0000000e+00  -1.7000000e+01  -4.0018200e+01   9.6844700e+01   3.2662300e+01   1.6956600e+02  -7.3839500e-01  -6.0352200e-01   3.0040000e-01  -6.7249400e-01   6.9041600e-01  -2.6594400e-01  -4.6763300e-02  -3.9851700e-01  -9.1591100e-01
   2.5100000e+00   0.0000000e+00  -3.1128700e+00   9.2673500e-01   0.0000000e+00  -1.7000000e+01  -6.9067900e+01   1.7795900e+01   3.3507500e+01   1.9088100e+02  -4.7811900e-01  -7.4421500e-01  -4.6628500e-01  -5.4562000e-01   6.6782000e-01  -5.0606700e-01   6.8817600e-01   1.2495000e-02  -7.2541900e-01
   2.6300000e+00   0.0000000e+00   1.5116200e+00   2.1890000e+00   0.0000000e+00  -1.7000000e+01  -3.4744500e+01   4.1460900e+00   7.8328700e+01   1.9522700e+02   5.1793100e-01  -8.5533600e-01   1.6181400e-03  -8.3320600e-01  -5.0484700e-01  -2.2500700e-01   1.9340900e-01   1.1530900e-01  -9.7419000e-01
   2.7300000e+00   0.0000000e+00  -2.5457900e+00   2.8307700e+00   0.0000000e+00  -1.7000000e+01  -8.8495700e+01  -1.4038800e+01  -4.1930400e+00   1.8075800e+02   5.9678300e-01  -6.3607800e-02  -7.9987800e-01  -5.9743300e-01  -7.0051300e-01  -3.8989400e-01  -5.3558800e-01   7.1068100e-01  -4.5599300e-01
   2.8300000e+00   0.0000000e+00   3.0801200e+00  -3.5391800e-01   0.0000000e+00  -1.7000000e+01  -1.0226400e+02   1.1061100e+01  -7.1231500e+00   1.6920300e+02  -4.0357100e-01   2.8894200e-01  -8.6796800e-01   8.6599100e-01   4.2671000e-01  -2.6057200e-01   2.9517200e-01  -8.5692700e-01  -4.2243300e-01
   2.9300000e+00   0.0000000e+00  -1.2806500e+00  -1.2151600e-01   0.0000000e+00  -1.7000000e+01  -1.0340100e+02   3.7669200e+01  -2.1350300e+01   1.6056000e+02  -6.8642500e-01   3.0410700e-01  -6.6045400e-01   6.1364600e-01   7.2950100e-01  -3.0197100e-01   3.9006400e-01  -6.1260300e-01  -6.8728600e-01
   3.0300000e+00   0.0000000e+00   9.8878600e-01   7.3570000e-01   0.0000000e+00  -1.7000000e+01  -1.0029200e+02   4.3674100e+01   2.6895100e+01   1.5921700e+02  -6.7459600e-01  -4.6699000e-01  -5.7143400e-01  -2.5557900e-01   8.7419100e-01  -4.1258400e-01   6.9246100e-01  -1.3237800e-01  -7.0917100e-01
   3.1300000e+00   0.0000000e+00  -6.8945000e-03  -5.6850900e-01   0.0000000e+00  -1.7000000e+01  -4.0950100e+01   9.9011400e+01  -2.7247200e+01   1.7010000e+02  -7.7429600e-01   5.6874400e-01   2.7730400e-01   1.8638700e-01   6.2380800e-01  -7.5890500e-01  -6.0448700e-01  -5.3598600e-01  -5.8896200e-01
   3.2300000e+00   0.0000000e+00   5.4954900e-01  -2.6716200e-02   0.0000000e+00  -1.7000000e+01  -5.4299400e+01   9.1987500e+01   1.7367400e+01   1.6857300e+02  -9.8766300e-01  -1.4860700e-02   1.5553600e-01  -1.1839100e-01   7.2122500e-01  -6.8237300e-01  -1.0187000e-01  -6.9239600e-01  -7.1403200e-01
   3.3300000e+00   0.0000000e+00   1.8080800e+00  -5.5529400e-01   0.0000000e+00  -1.7000000e+01  -1.0122000e+02   2.9667100e+01   2.0593000e+01   1.6553000e+02  -6.1818100e-01  -1.0055300e-01  -7.7947900e-01   5.9824400e-01   5.8290900e-01  -5.4970300e-01   5.0981200e-01  -8.0606900e-01  -3.0014300e-01
   3.4300000e+00   0.0000000e+00  -1.5765400e+00  -1.5282800e-01   0.0000000e+00  -1.7000000e+01  -1.0325100e+02   3.5628200e+01  -2.5284100e+01   1.5958300e+02  -6.4958300e-01   4.0453800e-01  -6.4360400e-01   7.2528900e-01   5.8349600e-01  -3.6530300e-01   2.2778300e-01  -7.0411900e-01  -6.7240000e-01
   3.5400000e+00   0.0000000e+00  -1.4633600e+00  -1.3231700e+00   0.0000000e+00  -1.7000000e+01  -7.2928700e+01   3.9499300e+01  -4.9813300e+01   1.7671400e+02  -4.3615000e-01   8.5732400e-01  -2.7332200e-01   7.3861100e-01   1.6758800e-01  -6.5281300e-01  -5.1388800e-01  -4.8680100e-01  -7.0625300e-01
   3.6400000e+00   0.0000000e+00  -3.4185200e-02   5.2053500e-01   0.0000000e+00  -1.7000000e+01  -4.1299300e+01   9.9488600e+01   2.7631700e+01   1.6762200e+02  -7.9562200e-01  -5.0791600e-01   3.2979400e-01  -5.9908500e-01   7.3940400e-01  -3.0672400e-01  -8.7957300e-02  -4.4171100e-01  -8.9266800e-01
   3.7400000e+00   0.0000000e+00  -1.9333300e+00  -1.3938400e+00   0.0000000e+00  -1.7000000e+01  -3.6682900e+01   3.4422500e+01  -7.9046600e+01   1.8721900e+02  -1.6324000e-01   9.7411700e-01   1.5634400e-01   6.9541100e-01   2.2595300e-01  -6.8200700e-01  -6.9972100e-01  -2.6203800e-03  -7.1427800e-01
   3.8400000e+00   0.0000000e+00  -1.6222200e+00   1.3102400e+00   0.0000000e+00  -1.7000000e+01  -3.6989300e+01   5.4509400e+01   2.0609600e+01   2.0466500e+02  -3.7447600e-01  -9.0179100e-01  -2.1545200e-01  -8.8210900e-01   4.1811200e-01  -2.1639100e-01   2.8530600e-01   1.0908600e-01  -9.5216100e-01
   3.9400000e+00   0.0000000e+00  -6.8226800e-01   1.5940700e+00   0.0000000e+00  -1.7000000e+01  -7.5286100e+01   5.8593400e+01   7.3237300e+00   1.7913700e+02  -5.4862000e-01  -6.5861500e-01  -5.1477600e-01  -7.6789500e-01   6.4046200e-01  -8.8149000e-04   3.3031500e-01   3.9483400e-01  -8.5714700e-01
   4.0400000e+00   0.0000000e+00   8.6181000e-04   8.6181000e-04   0.0000000e+00  -1.7000000e+01  -1.0401300e+02   5.3266800e+01   1.1176300e+00   1.5526500e+02  -8.2280500e-01  -2.2487500e-02  -5.6771900e-01   2.8508900e-01   8.4793800e-01  -4.4673400e-01   4.9156600e-01  -5.2951100e-01  -6.9120200e-01
   4.1400000e+00   0.0000000e+00   2.7290700e-02  -3.0183500e+00   0.0000000e+00  -1.7000000e+01  -3.4007900e+01   1.7837900e+01   1.9638600e+00   2.2022100e+02   8.2360100e-01   1.6113100e-02  -5.6703100e-01  -2.8622500e-01  -8.5091200e-01  -4.4001500e-01  -4.8962400e-01   5.2481000e-01  -6.9612900e-01
   4.2400000e+00   0.0000000e+00   1.3501700e-01   1.0835900e+00   0.0000000e+00  -1.7000000e+01  -9.8458800e+01   5.3793500e+01   1.3214100e+01   1.5859100e+02  -7.6640100e-01  -3.6060000e-01  -5.3152200e-01  -2.7336900e-01   9.3191800e-01  -2.3803000e-01   5.8130300e-01  -3.7170000e-02  -8.1274700e-01
   4.3400000e+00   0.0000000e+00   3.0763800e+00  -2.6365700e+00   0.0000000e+00  -1.7000000e+01  -8.9692700e+01  -1.4864700e+01  -8.4080600e+00   1.7999400e+02   5.7326400e-01   2.8425200e-01  -7.6845700e-01  -3.0817800e-02  -9.2955100e-01  -3.6685000e-01  -8.1868000e-01   2.3407600e-01  -5.2414400e-01
   4.4400000e+00   0.0000000e+00   1.6087200e-01   2.6026700e-01   0.0000000e+00  -1.7000000e+01  -6.0300100e+01   8.7307000e+01   1.6905900e+01   1.6763800e+02  -9.6313700e-01  -2.5566600e-01   8.2860300e-02  -2.6228400e-01   8.2700700e-01  -4.9711500e-01   5.8648200e-02  -5.0055700e-01  -8.6355200e-01
   4.5400000e+00   0.0000000e+00   3.1513600e-01  -1.6515200e+00   0.0000000e+00  -1.7000000e+01  -9.5347300e+01   5.2593300e+01  -2.5812400e+00   1.6557200e+02  -5.7568800e-01   4.2380600e-01  -6.9915200e-01   6.8128500e-01  -2.2403900e-01  -6.9668500e-01  -4.5196600e-01  -8.7745200e-01  -1.5967400e-01
   4.6600000e+00   0.0000000e+00   1.6288300e-01   1.0588800e+00   0.0000000e+00  -1.7000000e+01  -9.8574700e+01   5.5200800e+01   1.2803000e+01   1.5887600e+02  -7.5943900e-01  -3.8345400e-01  -5.2537200e-01  -3.3082700e-01   9.2313100e-01  -1.9543300e-01   5.5995800e-01   2.5410600e-02  -8.2795600e-01
   4.7600000e+00   0.0000000e+00   3.4702300e-01   3.2116900e-01   0.0000000e+00  -1.7000000e+01  -6.1398700e+01   8.7535900e+01   2.0296200e+01   1.6642000e+02  -9.4982500e-01  -2.9544500e-01   1.0105400e-01  -3.0574100e-01   8.1416700e-01  -4.9337600e-01   6.3654500e-02  -4.9961000e-01  -8.6375800e-01
   4.8600000e+00   0.0000000e+00   2.7511900e+00  -3.9988100e-01   0.0000000e+00  -1.7000000e+01  -1.0202800e+02   1.1973800e+01   1.3602200e+00   1.6969500e+02  -4.1898700e-01   1.8751400e-01  -8.8837300e-01   8.4183000e-01   4.4682000e-01  -3.0263800e-01   3.4018700e-01  -8.7461400e-01  -3.4496200e-01
   4.9600000e+00   0.0000000e+00   0.0000000e+00  -2.8727000e-04   0.0000000e+00  -1.7000000e+01  -1.0401000e+02   5.3267900e+01   1.1139500e+00   1.5526300e+02  -8.2268700e-01  -2.2882400e-02  -5.6791700e-01   2.8496300e-01   8.4790700e-01  -4.4697400e-01   4.9193600e-01  -5.2960300e-01  -6.9095000e-01
   5.0600000e+00   0.0000000e+00   1.5897600e+00  -6.0614100e-01   0.0000000e+00  -1.7000000e+01  -6.5416600e+01   5.5465800e+01   1.5741200e+01   1.8679400e+02  -8.6042000e-01   2.9873600e-01  -4.1273600e-01   5.0648400e-01   4.1252000e-01  -7.5701900e-01  -5.5864600e-02  -8.6043000e-01  -5.0618200e-01
   5.1600000e+00   0.0000000e+00   2.8727000e-04   2.8727000e-04   0.0000000e+00  -1.7000000e+01  -1.0401200e+02   5.3267100e+01   1.2238300e+00   1.5525100e+02  -8.2280600e-01  -2.2971800e-02  -5.6765700e-01   2.8459900e-01   8.4804500e-01  -4.4686200e-01   4.9181100e-01  -5.2927000e-01  -6.9123700e-01
   5.2600000e+00   0.0000000e+00  -3.3553200e-01  -3.0738000e-02   0.0000000e+00  -1.7000000e+01  -1.0386300e+02   5.1889100e+01  -7.2462800e+00   1.5598300e+02  -8.1193300e-01   9.5461700e-02  -5.7583100e-01   3.9050000e-01   8.2196700e-01  -4.1438800e-01   4.3383100e-01  -5.6138800e-01  -7.0459000e-01
   5.3600000e+00   0.0000000e+00   1.1634500e-01  -2.3929700e-01   0.0000000e+00  -1.7000000e+01  -5.9979400e+01   8.8635300e+01  -6.2142300e-01   1.6885100e+02  -9.8108100e-01   1.8660300e-01   4.9465600e-02   1.0133100e-01   7.1586200e-01  -6.9067200e-01  -1.6416900e-01  -6.7276500e-01  -7.2129800e-01
   5.4600000e+00   0.0000000e+00   6.5382800e-01   8.3509600e-01   0.0000000e+00  -1.7000000e+01  -9.9773300e+01   4.8304400e+01   2.2487400e+01   1.5822400e+02  -7.2448100e-01  -4.2599800e-01  -5.4165400e-01  -2.5636900e-01   8.9623500e-01  -3.6186300e-01   6.3980900e-01  -1.2324300e-01  -7.5857700e-01
   5.5600000e+00   0.0000000e+00   2.9881900e+00   8.8737900e-01   0.0000000e+00  -1.7000000e+01  -6.8680500e+01   2.0482000e+01   2.4677100e+01   1.9262700e+02  -5.6097300e-01  -6.3611900e-01  -5.2952900e-01  -4.4172500e-01   7.7123600e-01  -4.5823200e-01   7.0005800e-01  -2.3062000e-02  -7.1365400e-01
   5.6600000e+00   0.0000000e+00   1.2907100e+00  -2.8727100e-03   0.0000000e+00  -1.7000000e+01  -5.2162600e+01   8.2346600e+01   3.3375200e+01   1.7471500e+02  -9.8782200e-01  -1.3335600e-01   7.9339900e-02  -1.4857300e-01   6.6717900e-01  -7.2980500e-01   4.4545400e-02  -7.3274600e-01  -6.7892500e-01
   5.7600000e+00   0.0000000e+00   1.5090300e+00   2.1499300e+00   0.0000000e+00  -1.7000000e+01  -9.2543800e+01   2.8220100e+01   4.0487200e+01   1.6740000e+02  -1.4998600e-01  -7.8523000e-01  -6.0045100e-01  -9.6059800e-01   2.5926900e-01  -9.8843800e-02   2.3342100e-01   5.6215800e-01  -7.9336200e-01
   5.8600000e+00   0.0000000e+00  -1.2105600e+00  -1.1898800e+00   0.0000000e+00  -1.7000000e+01  -3.7446500e+01   5.6379900e+01  -7.4431700e+01   1.8155700e+02  -3.0268900e-01   9.3103400e-01   2.0362900e-01   5.8476700e-01   3.5026800e-01  -7.3160800e-01  -7.5246000e-01  -1.0234600e-01  -6.5044700e-01
   5.9600000e+00   0.0000000e+00  -2.4576000e+00  -1.0718100e+00   0.0000000e+00  -1.7000000e+01  -7.0550600e+01   2.1730000e+01  -4.5209300e+01   1.8427900e+02  -3.5916200e-01   8.5522800e-01  -3.7331600e-01   8.3854600e-01   1.2026600e-01  -5.3121200e-01  -4.0948000e-01  -5.0396400e-01  -7.6033000e-01
   6.0600000e+00   0.0000000e+00  -3.0264000e+00  -2.6831100e+00   0.0000000e+00  -1.7000000e+01  -8.9372000e+01  -1.4325900e+01  -3.5386300e+00   1.8006200e+02   5.4422900e-01   2.5873500e-01  -7.9791800e-01   1.6960400e-02  -9.5435300e-01  -2.9774200e-01  -8.3869500e-01   1.4862900e-01  -5.2375800e-01
   6.1600000e+00   0.0000000e+00  -7.3627500e-01  -2.8132400e+00   0.0000000e+00  -1.7000000e+01  -8.4350700e+01   3.3116500e+01  -2.8257100e+01   1.7872200e+02   1.3837200e-01   5.5726900e-01  -8.1858400e-01   9.0597500e-03  -8.2720800e-01  -5.6153000e-01  -9.9018600e-01   7.0337900e-02  -1.1943500e-01
   6.2600000e+00   0.0000000e+00   5.2857800e-02  -1.1582800e+00   0.0000000e+00  -1.7000000e+01  -9.8046100e+01   5.5872200e+01  -6.7716100e+00   1.6041600e+02  -7.5053100e-01   3.4130100e-01  -5.6581200e-01   6.5355200e-01   2.5729900e-01  -7.1168200e-01  -9.7314500e-02  -9.0399000e-01  -4.1604600e-01
   6.3600000e+00   0.0000000e+00   2.8727000e-04  -2.8727000e-04   0.0000000e+00  -1.7000000e+01  -1.0401000e+02   5.3380600e+01   1.1144500e+00   1.5526000e+02  -8.2256700e-01  -2.2777500e-02  -5.6805500e-01   2.8508900e-01   8.4793800e-01  -4.4673400e-01   4.9193600e-01  -5.2948200e-01  -6.9096600e-01
   6.4600000e+00   0.0000000e+00  -8.0435800e-03  -2.8727000e-04   0.0000000e+00  -1.7000000e+01  -1.0400200e+02   5.3327200e+01   1.2548200e+00   1.5507800e+02  -8.2799200e-01  -4.0330200e-02  -5.5917900e-01   2.4357300e-01   8.7242600e-01  -4.2358500e-01   5.0495200e-01  -4.8699600e-01  -7.1253600e-01
   6.5600000e+00   0.0000000e+00  -9.7384800e-02  -1.9511400e+00   0.0000000e+00  -1.7000000e+01  -7.8165800e+01   5.4595800e+01  -2.1737100e+01   1.7725100e+02  -3.0918800e-01   7.3093900e-01  -6.0828000e-01   5.0072800e-01  -4.1867900e-01  -7.5745400e-01  -8.0838700e-01  -5.3886500e-01  -2.3643000e-01
   6.6600000e+00   0.0000000e+00  -2.7359700e+00  -1.6084300e+00   0.0000000e+00  -1.7000000e+01  -3.6008200e+01   3.9676500e+00  -6.8272300e+01   1.9907900e+02   3.9359900e-02   9.9908600e-01   1.8252900e-02   8.0208300e-01  -2.0656600e-02  -5.9676900e-01  -5.9573500e-01   3.8157000e-02  -8.0203100e-01
   6.7600000e+00   0.0000000e+00   4.0217900e-03  -3.1171700e+00   0.0000000e+00  -1.7000000e+01  -3.4007900e+01   1.7738300e+01   6.7604300e+00   2.1997900e+02   8.2276800e-01  -8.1406200e-02  -5.6258100e-01  -3.5883100e-01  -8.4188000e-01  -4.0265900e-01  -4.4080600e-01   5.3319800e-01  -7.2191200e-01
   6.8600000e+00   0.0000000e+00   5.1450200e-01   3.6713200e-01   0.0000000e+00  -1.7000000e+01  -6.2106700e+01   8.1160800e+01   2.9200600e+01   1.6845000e+02  -9.2404200e-01  -3.7965900e-01   4.2040500e-02  -3.4453000e-01   7.8138800e-01  -5.2013800e-01   1.6481700e-01  -4.9510400e-01  -8.5286900e-01
   6.9600000e+00   0.0000000e+00   1.3073700e+00   5.7454000e-04   0.0000000e+00  -1.7000000e+01  -5.2130800e+01   7.9104600e+01   3.2475900e+01   1.7788700e+02  -9.9361700e-01  -9.5905700e-02   5.8488500e-02  -1.0783600e-01   6.7106700e-01  -7.3333000e-01   3.1136400e-02  -7.3506000e-01  -6.7704700e-01
   7.0700000e+00   0.0000000e+00   2.2639800e+00  -1.9586100e+00   0.0000000e+00  -1.7000000e+01  -3.5166800e+01  -4.2974800e+00  -1.5188800e+01   2.1778100e+02   3.9495100e-01   8.4049500e-01  -3.7081200e-01   6.5783300e-01  -5.4037500e-01  -5.2432800e-01  -6.4125800e-01  -3.6783200e-02  -7.6637800e-01
   7.1700000e+00   0.0000000e+00   1.5139200e-01  -7.6988600e-02   0.0000000e+00  -1.7000000e+01  -5.6163100e+01   9.2573700e+01   2.5657200e+00   1.6766900e+02  -9.8825300e-01   7.3392500e-02   1.3359300e-01  -2.7715000e-02   7.7501600e-01  -6.3112500e-01  -1.4965300e-01  -6.2745800e-01  -7.6393700e-01
   7.2700000e+00   0.0000000e+00   1.8822000e+00  -6.6675500e-01   0.0000000e+00  -1.7000000e+01  -6.6143700e+01   4.5215300e+01   1.1971200e+01   1.9084900e+02  -7.8081300e-01   3.6724600e-01  -5.0537300e-01   6.2042200e-01   3.6050200e-01  -6.9647400e-01  -7.3603800e-02  -8.5733800e-01  -5.0923600e-01
   7.3700000e+00   0.0000000e+00   2.1034000e+00   2.3389600e+00   0.0000000e+00  -1.7000000e+01  -9.1438900e+01   1.0324600e+01   4.0597900e+01   1.7129100e+02   1.2704800e-01  -7.5308900e-01  -6.4531900e-01  -9.8673700e-01  -3.0468400e-02  -1.5857900e-01   9.9795500e-02   6.5715000e-01  -7.4709400e-01
   7.4700000e+00   0.0000000e+00   1.4398000e+00   2.1260900e+00   0.0000000e+00  -1.7000000e+01  -9.2685100e+01   2.4081300e+01   4.0992600e+01   1.6854900e+02  -9.3098200e-02  -7.9598300e-01  -5.9793100e-01  -9.6501200e-01   2.1972600e-01  -1.4217600e-01   2.4461400e-01   5.6396000e-01  -7.8873600e-01
   7.5700000e+00   0.0000000e+00  -2.4774200e+00   7.7850400e-02   0.0000000e+00  -1.7000000e+01  -4.7239700e+01   5.8395400e+01  -2.2959700e+01   1.9436800e+02  -9.9288500e-01   6.7572500e-02  -9.6999400e-02   9.9778300e-02   9.1887100e-01  -3.8172600e-01   6.3473000e-02  -3.8869700e-01  -9.1903100e-01
   7.6700000e+00   0.0000000e+00  -2.3007500e+00   1.1088700e+00   0.0000000e+00  -1.7000000e+01  -7.0906200e+01   2.3350400e+01   8.4966300e+00   1.9316600e+02  -4.8737200e-01  -6.2623400e-01  -6.0823600e-01  -5.8772400e-01   7.5060900e-01  -3.0171200e-01   6.4566400e-01   2.1050700e-01  -7.3395800e-01
   7.7700000e+00   0.0000000e+00   1.6716300e+00  -6.2222800e-01   0.0000000e+00  -1.7000000e+01  -6.5607100e+01   6.2824600e+01   2.0584500e+01   1.8221700e+02  -9.3833400e-01   1.7341600e-01  -2.9865500e-01   3.4502100e-01   5.1142900e-01  -7.8686000e-01   1.6434200e-02  -8.4152600e-01  -5.3974600e-01
   7.8700000e+00   0.0000000e+00   4.6049500e-01  -3.3610700e-02   0.0000000e+00  -1.7000000e+01  -5.4637500e+01   9.3090400e+01   1.4634700e+01   1.6818000e+02  -9.8703400e-01   1.4425000e-04   1.6024000e-01  -1.0902300e-01   7.3223100e-01  -6.7225400e-01  -1.1722300e-01  -6.8103800e-01  -7.2262300e-01
   7.9700000e+00   0.0000000e+00   0.0000000e+00  -2.8727000e-04   0.0000000e+00  -1.7000000e+01  -1.0401000e+02   5.3153200e+01   1.2291100e+00   1.5525500e+02  -8.2304500e-01  -2.2455300e-02  -5.6747300e-01   2.8472800e-01   8.4821300e-01  -4.4651700e-01   4.9143900e-01  -5.2907300e-01  -6.9162600e-01
   8.0700000e+00   0.0000000e+00   5.3719600e-02  -2.9692300e+00   0.0000000e+00  -1.7000000e+01  -3.4017500e+01   1.8138900e+01   2.4967300e-02   2.2018000e+02   8.2110800e-01   6.2363800e-02  -5.6728400e-01  -2.4936800e-01  -8.5486300e-01  -4.5477500e-01  -5.1331300e-01   5.1492300e-01  -6.8633300e-01
   8.1700000e+00   0.0000000e+00  -2.1393100e+00  -1.1465000e+00   0.0000000e+00  -1.7000000e+01  -7.1282400e+01   2.7953200e+01  -4.8732900e+01   1.8071100e+02  -3.6549900e-01   8.7235200e-01  -3.2457700e-01   7.9986700e-01   1.1613800e-01  -5.8874700e-01  -4.7592900e-01  -4.7487000e-01  -7.4006400e-01
   8.2700000e+00   0.0000000e+00   0.0000000e+00  -2.8727000e-04   0.0000000e+00  -1.7000000e+01  -1.0401000e+02   5.3268200e+01   1.2269100e+00   1.5524900e+02  -8.2268700e-01  -2.2640300e-02  -5.6794800e-01   2.8509400e-01   8.4809000e-01  -4.4650700e-01   4.9181100e-01  -5.2927000e-01  -6.9123700e-01
   8.3700000e+00   0.0000000e+00   1.4260100e+00  -1.7236200e-03   0.0000000e+00  -1.7000000e+01  -5.1837100e+01   7.9264400e+01   3.5220500e+01   1.7656600e+02  -9.8761300e-01  -1.4559600e-01   5.7894000e-02  -1.4056400e-01   6.5954200e-01  -7.3831100e-01   6.9426600e-02  -7.3729000e-01  -6.7174200e-01
   8.4700000e+00   0.0000000e+00   2.4935100e-01   2.7655600e+00   0.0000000e+00  -1.7000000e+01  -3.4117500e+01   1.9585400e+01   2.8422800e+01   2.1675700e+02   7.7664300e-01  -3.7418000e-01  -5.0674100e-01  -5.5164500e-01  -7.9212300e-01  -2.6044700e-01  -3.0395600e-01   4.8190000e-01  -8.2162300e-01
   8.5700000e+00   0.0000000e+00   3.0918900e+00  -2.6362800e+00   0.0000000e+00  -1.7000000e+01  -8.9681600e+01  -1.3288400e+01   1.1217300e+00   1.8013500e+02   5.3304700e-01   2.2432800e-01  -8.1582500e-01   2.3161200e-02  -9.6752500e-01  -2.5085100e-01  -8.4575100e-01   1.1492000e-01  -5.2089800e-01
   8.6700000e+00   0.0000000e+00  -2.3156900e+00   1.1057100e+00   0.0000000e+00  -1.7000000e+01  -7.0874500e+01   3.1516000e+01  -1.3152000e+00   1.9163900e+02  -5.8634100e-01  -5.1094100e-01  -6.2831400e-01  -5.1246600e-01   8.3486100e-01  -2.0058100e-01   6.2716300e-01   2.0447700e-01  -7.5145800e-01
   8.7700000e+00   0.0000000e+00   5.5443300e-02  -2.9718200e+00   0.0000000e+00  -1.7000000e+01  -3.4030200e+01   1.8460100e+01  -3.4540900e+00   2.2015800e+02   8.0962600e-01   1.4848800e-01  -5.6772000e-01  -1.8208300e-01  -8.5601200e-01  -4.8357800e-01  -5.5787400e-01   4.9511100e-01  -6.6604500e-01
   8.8700000e+00   0.0000000e+00  -2.6716200e-02   2.2740400e+00   0.0000000e+00  -1.7000000e+01  -8.0599500e+01   4.8069700e+01   1.8867700e+01   1.7866600e+02  -1.1592000e-01  -6.5429100e-01  -7.4713900e-01  -9.9052900e-01   2.1624000e-02   1.3488300e-01  -7.2066600e-02   7.5585400e-01  -6.5068300e-01
   8.9700000e+00   0.0000000e+00   9.3995000e-01  -4.6710200e-01   0.0000000e+00  -1.7000000e+01  -6.3562400e+01   7.4901500e+01   1.4224200e+01   1.7689000e+02  -9.5782100e-01   2.2268200e-01  -1.8120700e-01   2.7530600e-01   5.3276400e-01  -8.0012900e-01  -8.1525000e-02  -8.1637200e-01  -5.7161900e-01
   9.0700000e+00   0.0000000e+00   3.4644800e-01   4.6537900e-02   0.0000000e+00  -1.7000000e+01  -5.5085200e+01   9.2824300e+01   1.4570100e+01   1.6691300e+02  -9.7772700e-01  -1.2104300e-01   1.7126000e-01  -1.9866500e-01   7.9643400e-01  -5.7093700e-01  -6.7236400e-02  -5.9226400e-01  -8.0272300e-01
   9.1700000e+00   0.0000000e+00   7.5868200e-01   1.8750200e+00   0.0000000e+00  -1.7000000e+01  -9.4128100e+01   4.6082600e+01   2.9731200e+01   1.6344600e+02  -4.6121300e-01  -6.8014600e-01  -5.6960500e-01  -8.0391400e-01   5.9198400e-01  -5.5825900e-02   3.7527700e-01   4.3215400e-01  -8.1987300e-01
   9.2700000e+00   0.0000000e+00  -5.3719600e-01   2.7161400e+00   0.0000000e+00  -1.7000000e+01  -8.3691900e+01   4.2748700e+01   4.5673500e+00   1.8090500e+02   9.3627400e-03  -4.6346000e-01  -8.8596500e-01  -9.7119300e-01  -2.1475400e-01   1.0222300e-01  -2.3772800e-01   8.5958200e-01  -4.5211600e-01
   9.3700000e+00   0.0000000e+00   1.3671200e+00  -2.2387000e+00   0.0000000e+00  -1.7000000e+01  -3.4666700e+01   1.3660300e+01  -4.9330900e+00   2.1973600e+02   5.5035500e-01   6.6915200e-01  -4.9919600e-01   4.0224800e-01  -7.3642000e-01  -5.4377100e-01  -7.3160400e-01   9.8459700e-02  -6.7444500e-01
   9.4700000e+00   0.0000000e+00  -2.5618800e+00   2.6773600e-01   0.0000000e+00  -1.7000000e+01  -1.0268300e+02   1.9242500e+01  -1.5768600e+01   1.6674300e+02  -5.3508000e-01   2.5060300e-01  -8.0665500e-01   6.2291000e-01   7.6203700e-01  -1.7632800e-01   5.7063200e-01  -5.9684600e-01  -5.6384200e-01
   9.5700000e+00   0.0000000e+00  -3.6282300e-01   2.6098500e+00   0.0000000e+00  -1.7000000e+01  -8.2995000e+01   4.0136000e+01   2.0034600e+00   1.8185400e+02   9.9780600e-02  -3.2446000e-01  -9.4047100e-01  -9.0027000e-01  -4.3152900e-01   5.3491100e-02  -4.2330500e-01   8.4157700e-01  -3.3515100e-01
   9.6700000e+00   0.0000000e+00   8.6181000e-04   8.6181000e-04   0.0000000e+00  -1.7000000e+01  -1.0401300e+02   5.3380700e+01   1.1157200e+00   1.5526100e+02  -8.2256500e-01  -2.2640800e-02  -5.6795000e-01   2.8521100e-01   8.4793700e-01  -4.4673600e-01   4.9181200e-01  -5.2949700e-01  -6.9108500e-01
   9.7700000e+00   0.0000000e+00  -1.4737000e-01   1.9011600e+00   0.0000000e+00  -1.7000000e+01  -7.7781700e+01   5.5416700e+01   2.0577200e+01   1.7677400e+02  -3.4143900e-01  -7.3576000e-01  -5.8464500e-01  -9.2625600e-01   3.6864100e-01   7.7167200e-02   1.5886700e-01   5.6802100e-01  -8.0738900e-01
   9.8700000e+00   0.0000000e+00  -4.3090600e-03   6.0642900e-01   0.0000000e+00  -1.7000000e+01  -4.0642100e+01   9.8732800e+01   2.9615700e+01   1.6807300e+02  -7.8277800e-01  -5.3189000e-01   3.2257200e-01  -6.1758500e-01   7.2703100e-01  -2.9989600e-01  -7.4820500e-02  -4.3389700e-01  -8.9771100e-01
   9.9700000e+00   0.0000000e+00  -1.8563400e+00  -1.2410100e-01   0.0000000e+00  -1.7000000e+01  -4.6134800e+01   6.6842500e+01  -3.1760000e+01   1.8866300e+02  -9.8092600e-01   1.9365800e-01  -1.0408600e-02   1.8141900e-01   8.9787800e-01  -4.0095200e-01  -6.8235800e-02  -3.9526200e-01  -9.1584600e-01
   1.0070000e+01   0.0000000e+00  -7.9947400e-01  -2.6055500e-01   0.0000000e+00  -1.7000000e+01  -4.3980600e+01   9.3871200e+01  -3.0533000e+01   1.7018200e+02  -9.1865600e-01   2.7474300e-01   2.8374700e-01   9.7141300e-02   8.5364600e-01  -5.1164000e-01  -3.8269300e-01  -4.4247700e-01  -8.1092200e-01
   1.0170000e+01   0.0000000e+00  -2.7842300e+00   9.9826600e-01   0.0000000e+00  -1.7000000e+01  -6.9787000e+01   1.7351100e+01   2.2915100e+01   1.9295800e+02  -4.6572500e-01  -6.9955300e-01  -5.4167200e-01  -5.5578500e-01   7.0764700e-01  -4.3593700e-01   6.8841100e-01   9.8068100e-02  -7.1847200e-01
   1.0270000e+01   0.0000000e+00   1.5713700e-01   2.5969300e-01   0.0000000e+00  -1.7000000e+01  -6.0311200e+01   9.0108000e+01   1.2976700e+01   1.6612900e+02  -9.6882700e-01  -2.1610300e-01   1.2045200e-01  -2.4738400e-01   8.3497500e-01  -4.9137600e-01   5.6569400e-03  -5.0596200e-01  -8.6245600e-01
   1.0370000e+01   0.0000000e+00   1.5679200e+00  -1.7236200e-03   0.0000000e+00  -1.7000000e+01  -5.1530800e+01   7.6502400e+01   3.6142400e+01   1.7880100e+02  -9.8931900e-01  -1.4252600e-01   2.7245700e-02  -1.1494700e-01   6.5565000e-01  -7.4611900e-01   8.8686400e-02  -7.4138800e-01  -6.6501400e-01
   1.0470000e+01   0.0000000e+00   1.0591700e+00  -4.9238200e-01   0.0000000e+00  -1.7000000e+01  -6.3948200e+01   7.1699300e+01   1.5273700e+01   1.7866600e+02  -9.4628500e-01   2.3191600e-01  -2.2493500e-01   3.1497300e-01   5.0772900e-01  -8.0175700e-01  -7.1641400e-02  -8.2968500e-01  -5.5345200e-01
   1.0580000e+01   0.0000000e+00  -1.9505700e-01   1.6661700e-02   0.0000000e+00  -1.7000000e+01  -1.0392100e+02   5.2772800e+01  -3.7088400e+00   1.5543100e+02  -8.2570100e-01   2.5478600e-02  -5.6326200e-01   2.9556700e-01   8.7023000e-01  -3.9389600e-01   4.8029300e-01  -4.9177300e-01  -7.2615400e-01
   1.0680000e+01   0.0000000e+00   5.7741400e-02  -2.1459100e-01   0.0000000e+00  -1.7000000e+01  -5.9463500e+01   9.1700900e+01  -3.5115100e+00   1.6688200e+02  -9.8194400e-01   1.5367700e-01   1.1009900e-01   4.6563300e-02   7.6100100e-01  -6.4694100e-01  -1.8308400e-01  -6.3021800e-01  -7.5440200e-01
   1.0780000e+01   0.0000000e+00  -8.0723100e-02  -1.9761400e+00   0.0000000e+00  -1.7000000e+01  -7.8362700e+01   5.7990500e+01  -2.4999900e+01   1.7521700e+02  -3.9365700e-01   7.5981700e-01  -5.1739500e-01   5.3953200e-01  -2.6462100e-01  -7.9912100e-01  -7.4418700e-01  -5.9370900e-01  -3.0565800e-01
   1.0880000e+01   0.0000000e+00  -4.5963300e-03  -6.0470500e-01   0.0000000e+00  -1.7000000e+01  -4.0675400e+01   9.9230600e+01  -2.5859000e+01   1.7001700e+02  -7.8729700e-01   5.4998300e-01   2.7858500e-01   1.7714300e-01   6.3466800e-01  -7.5214700e-01  -5.9036400e-01  -5.4284500e-01  -5.9705600e-01
   1.0980000e+01   0.0000000e+00   2.5627400e+00  -1.8741500e+00   0.0000000e+00  -1.7000000e+01  -3.5338300e+01  -1.1010300e+01  -3.4343100e+01   2.1247800e+02   2.9419500e-01   9.2922000e-01  -2.2359700e-01   7.6209500e-01  -3.6924700e-01  -5.3175100e-01  -5.7666200e-01  -1.3988800e-02  -8.1668500e-01
   1.1080000e+01   0.0000000e+00   2.9982400e+00  -8.9369900e-01   0.0000000e+00  -1.7000000e+01  -6.8702800e+01   1.6844900e+01  -2.3337000e+01   1.9319500e+02  -4.4527300e-01   7.1331000e-01  -5.4106400e-01   8.6349200e-01   1.8248700e-01  -4.7009700e-01  -2.3655800e-01  -6.7663900e-01  -6.9717800e-01
   1.1180000e+01   0.0000000e+00   2.0855900e-01   1.5811400e+00   0.0000000e+00  -1.7000000e+01  -9.5756900e+01   5.3165400e+01   1.9476100e+01   1.6173200e+02  -6.2730200e-01  -5.5590800e-01  -5.4526700e-01  -6.2265400e-01   7.7849700e-01  -7.7234800e-02   4.6758900e-01   2.9110900e-01  -8.3452700e-01
   1.1280000e+01   0.0000000e+00   1.2260700e+00  -8.6181000e-04   0.0000000e+00  -1.7000000e+01  -5.2324500e+01   8.0835300e+01   3.0225400e+01   1.7722500e+02  -9.9734100e-01  -5.1026900e-02   5.0432200e-02  -7.1547000e-02   6.5698000e-01  -7.5034400e-01   5.2323200e-03  -7.5199100e-01  -6.5892000e-01
   1.1380000e+01   0.0000000e+00   2.8727000e-04   2.8727000e-04   0.0000000e+00  -1.7000000e+01  -1.0401200e+02   5.3267100e+01   1.2260800e+00   1.5525100e+02  -8.2280500e-01  -2.2729600e-02  -5.6768800e-01   2.8484800e-01   8.4807500e-01  -4.4662400e-01   4.9168700e-01  -5.2928500e-01  -6.9135600e-01
   1.1480000e+01   0.0000000e+00   1.0459500e+00   4.9065800e-01   0.0000000e+00  -1.7000000e+01  -6.3902200e+01   6.8154700e+01   4.2679800e+01   1.7189000e+02  -8.4818200e-01  -5.2814400e-01  -3.6372600e-02  -4.2030800e-01   7.1376900e-01  -5.6000800e-01   3.2189600e-01  -4.5981500e-01  -8.2755900e-01
   1.1580000e+01   0.0000000e+00   1.3300600e-01  -2.8698300e+00   0.0000000e+00  -1.7000000e+01  -3.4058700e+01   1.8677700e+01  -3.0459700e+00   2.2012200e+02   8.0894800e-01   1.5676300e-01  -5.6655800e-01  -1.7108300e-01  -8.5915700e-01  -4.8200400e-01  -5.6233800e-01   4.8697600e-01  -6.6812200e-01
   1.1680000e+01   0.0000000e+00   2.5880200e+00  -4.2228800e-01   0.0000000e+00  -1.7000000e+01  -1.0190400e+02   1.3977100e+01   6.2286500e+00   1.6952800e+02  -4.4585900e-01   1.2107200e-01  -8.8675000e-01   8.0874500e-01   4.7911000e-01  -3.4107700e-01   3.8360800e-01  -8.6928000e-01  -3.1142100e-01
   1.1780000e+01   0.0000000e+00  -6.9806800e-02  -5.1708700e-03   0.0000000e+00  -1.7000000e+01  -1.0399000e+02   5.2756200e+01  -8.0610800e-01   1.5483400e+02  -8.2781200e-01   7.3582400e-03  -5.6064700e-01   3.2514200e-01   8.2096000e-01  -4.6916800e-01   4.5698700e-01  -5.7072700e-01  -6.8211200e-01
   1.1880000e+01   0.0000000e+00  -3.6627000e-01   8.9398600e-01   0.0000000e+00  -1.7000000e+01  -3.8830800e+01   8.9130200e+01   3.2316300e+01   1.7998500e+02  -6.0503600e-01  -7.8361400e-01   1.4003200e-01  -7.9531700e-01   5.8746100e-01  -1.4906400e-01   3.4610400e-02  -2.0161100e-01  -9.7870800e-01
   1.1980000e+01   0.0000000e+00   1.1014000e+00  -2.3378100e+00   0.0000000e+00  -1.7000000e+01  -3.4530200e+01   1.3374600e+01  -4.5368900e+00   2.1958800e+02   5.9146400e-01   6.2811900e-01  -5.0555800e-01   3.5252300e-01  -7.6527700e-01  -5.3835600e-01  -7.2507100e-01   1.4022300e-01  -6.7402500e-01
   1.2080000e+01   0.0000000e+00  -2.2292200e+00   1.4745600e+00   0.0000000e+00  -1.7000000e+01  -3.6416200e+01   2.7156100e+01   2.5281300e+01   2.1212000e+02  -1.8707400e-01  -9.4143500e-01  -2.8021700e-01  -8.8276600e-01   2.8628000e-01  -3.7222700e-01   4.3076100e-01   1.7777300e-01  -8.8467400e-01
   1.2180000e+01   0.0000000e+00   3.9040100e-01  -1.6949000e+00   0.0000000e+00  -1.7000000e+01  -9.5106100e+01   5.1530800e+01  -1.2628900e+00   1.6641700e+02  -5.4841600e-01   4.1714400e-01  -7.2460300e-01   6.7915300e-01  -2.8329400e-01  -6.7707700e-01  -4.8776900e-01  -8.6341700e-01  -1.2776700e-01
   1.2280000e+01   0.0000000e+00   7.6299100e-01  -1.8727200e+00   0.0000000e+00  -1.7000000e+01  -9.4131300e+01   4.3746100e+01   6.2222200e+00   1.7092900e+02  -3.5489900e-01   3.6524300e-01  -8.6051900e-01   6.2404200e-01  -5.9283500e-01  -5.0887900e-01  -6.9607300e-01  -7.1753800e-01  -1.7369900e-02
   1.2380000e+01   0.0000000e+00  -1.2927200e-02  -2.0893200e+00   0.0000000e+00  -1.7000000e+01  -7.9213600e+01   5.2147800e+01  -1.9504800e+01   1.7812900e+02  -2.4014600e-01   6.9503200e-01  -6.7756600e-01   4.4992100e-01  -5.3875700e-01  -7.1208300e-01  -8.5999400e-01  -4.7589800e-01  -1.8323200e-01
   1.2480000e+01   0.0000000e+00  -7.0955900e-02  -4.9410600e-01   0.0000000e+00  -1.7000000e+01  -4.1556500e+01   1.0078200e+02  -2.3358200e+01   1.6771700e+02  -8.3355500e-01   4.5610900e-01   3.1151800e-01   1.1884700e-01   6.9882100e-01  -7.0514400e-01  -5.3927900e-01  -5.5078100e-01  -6.3677600e-01
   1.2590000e+01   0.0000000e+00   9.7672000e-03  -1.2355500e+00   0.0000000e+00  -1.7000000e+01  -9.7641300e+01   5.5203400e+01  -7.8274700e+00   1.6087400e+02  -7.2670000e-01   3.7750900e-01  -5.7383100e-01   6.6715400e-01   1.8867900e-01  -7.2055300e-01  -1.6354300e-01  -9.0650000e-01  -3.8888200e-01
   1.2690000e+01   0.0000000e+00   2.5081600e+00  -7.9286700e-01   0.0000000e+00  -1.7000000e+01  -6.7601000e+01   2.4832400e+01  -6.0461800e+00   1.9512800e+02  -5.7147800e-01   5.6891700e-01  -5.9112400e-01   8.0531400e-01   2.5091700e-01  -5.3701700e-01  -1.5719600e-01  -7.8300800e-01  -6.0147800e-01
   1.2790000e+01   0.0000000e+00  -7.7936500e-01  -1.5527000e+00   0.0000000e+00  -1.7000000e+01  -7.4943200e+01   5.4630100e+01  -3.7787600e+01   1.7409000e+02  -4.3236500e-01   8.2255900e-01  -3.6923100e-01   5.9510600e-01  -4.7287300e-02  -8.0219700e-01  -6.7726100e-01  -5.6664400e-01  -4.6894100e-01
   1.2890000e+01   0.0000000e+00   5.0071300e-01  -3.2174300e-02   0.0000000e+00  -1.7000000e+01  -5.4453300e+01   9.2519200e+01   1.4514400e+01   1.6839200e+02  -9.8904500e-01  -1.7645500e-02   1.4631600e-01  -1.1039900e-01   7.4680500e-01  -6.5564300e-01  -9.7544300e-02  -6.6456400e-01  -7.4058600e-01
   1.2990000e+01   0.0000000e+00  -1.8672600e-02  -6.6388300e-01   0.0000000e+00  -1.7000000e+01  -4.0261100e+01   9.7738400e+01  -2.8878800e+01   1.7081100e+02  -7.5570200e-01   5.9924600e-01   2.6407700e-01   2.0870100e-01   6.0262600e-01  -7.7009300e-01  -6.2054900e-01  -5.2698400e-01  -5.8049600e-01
   1.3090000e+01   0.0000000e+00   5.4581400e-03  -1.4708300e-01   0.0000000e+00  -1.7000000e+01  -5.8072900e+01   9.3027400e+01  -2.7529900e+00   1.6664200e+02  -9.8297600e-01   1.2141400e-01   1.3765900e-01   8.1129500e-03   7.7775200e-01  -6.2838700e-01  -1.8320600e-01  -6.1663300e-01  -7.6550500e-01
