0	0	0	0.0048836	0	-17	-104.323	53.2761	0.029919	152.28	0.573501	-0.000325518	-0.819205	-0.000686189	0.999999	-0.00087774	0.819204	0.00106551	0.573501
0.1	0	0	0.00459633	0	-17	-104.12	53.3996	0.0299823	152.434	0.57254	-0.000326243	-0.819877	-0.00068771	0.999999	-0.000878161	0.819877	0.00106662	0.572539
0.2	0	-0.00430906	0.00258544	0	-17	-104.05	53.4421	-0.0837096	152.487	0.572208	0.000587233	-0.820108	0.000240052	1	0.000883533	0.820108	-0.000702434	0.572208
0.3	0	-0.0178108	0.00057454	0	-17	-104.026	53.4541	-0.408244	152.505	0.572124	0.00310392	-0.820162	0.00241713	0.999982	0.00547058	0.820164	-0.00511229	0.572106
0.4	0	-0.0393561	-0.0020109	0	-17	-104.012	53.4514	-0.922271	152.518	0.572184	0.00707741	-0.820094	0.00580261	0.999903	0.0126777	0.820105	-0.0120126	0.572088
0.5	0	-0.0698068	-0.00517087	0	-17	-103.99	53.4346	-1.64551	152.541	0.572426	0.0126555	-0.819859	0.0105131	0.999685	0.0227715	0.819889	-0.0216543	0.572113
0.6	0	-0.110312	-0.00947993	0	-17	-103.971	53.3798	-2.6068	152.569	0.573099	0.0200617	-0.819241	0.0167738	0.999204	0.0362027	0.819315	-0.0344895	0.572306
0.7	0	-0.157424	-0.013789	0	-17	-103.948	53.2792	-3.71744	152.611	0.574302	0.0285835	-0.818144	0.0239125	0.998378	0.0516658	0.818294	-0.0492356	0.572687
0.81	0	-0.21258	-0.0186726	0	-17	-103.926	53.1075	-5.01004	152.666	0.576312	0.0384567	-0.816324	0.0321576	0.997051	0.0696735	0.816597	-0.0664047	0.573376
0.91	0	-0.27578	-0.024418	0	-17	-103.896	52.8465	-6.48049	152.748	0.579354	0.0496176	-0.813564	0.0414687	0.995058	0.0902171	0.81402	-0.0860051	0.574434
1.01	0	-0.346736	-0.0301634	0	-17	-103.864	52.468	-8.10721	152.856	0.583708	0.0618318	-0.809606	0.051563	0.992261	0.112957	0.810325	-0.10768	0.576002
1.11	0	-0.425735	-0.0376325	0	-17	-103.826	51.9433	-9.89398	153	0.58971	0.0750816	-0.804118	0.0625448	0.988433	0.138159	0.80519	-0.131767	0.578193
1.21	0	-0.512491	-0.0462506	0	-17	-103.787	51.2408	-11.8118	153.184	0.59766	0.0890373	-0.796791	0.0740608	0.983434	0.165446	0.798322	-0.157891	0.581165
1.31	0	-0.605567	-0.0554433	0	-17	-103.742	50.3481	-13.804	153.414	0.607641	0.103159	-0.787484	0.0855897	0.977249	0.194061	0.789587	-0.18532	0.584987
1.41	0	-0.705824	-0.0643486	0	-17	-103.693	49.2306	-15.8547	153.697	0.619917	0.117184	-0.775868	0.0967911	0.969814	0.223813	0.778675	-0.213842	0.589861
1.51	0	-0.811827	-0.0752649	0	-17	-103.639	47.8781	-17.9153	154.038	0.634544	0.130665	-0.761761	0.107448	0.961121	0.254364	0.765381	-0.243255	0.595834
1.61	0	-0.924437	-0.087043	0	-17	-103.588	46.2568	-19.9531	154.438	0.651684	0.143204	-0.744849	0.117078	0.951254	0.285321	0.7494	-0.273144	0.603151
1.71	0	-1.04452	-0.0991084	0	-17	-103.526	44.6203	-21.9526	154.662	0.655532	0.160219	-0.737976	0.128874	0.939164	0.318374	0.74409	-0.30381	0.595004
1.81	0	-1.17005	-0.112323	0	-17	-103.461	42.4316	-23.7886	155.219	0.677809	0.169981	-0.715319	0.1354	0.92741	0.348679	0.722663	-0.333192	0.605591
1.91	0	-1.30019	-0.125537	0	-17	-103.391	39.9865	-25.404	155.852	0.701762	0.177235	-0.690013	0.139447	0.91565	0.377013	0.69863	-0.360794	0.617854
2.01	0	-1.43549	-0.139039	0	-17	-103.325	37.2827	-26.7423	156.558	0.727106	0.18168	-0.662049	0.140781	0.904397	0.4028	0.671935	-0.386082	0.632015
2.11	0	-1.57654	-0.152828	0	-17	-103.251	34.3358	-27.7401	157.351	0.75336	0.183073	-0.631611	0.13923	0.894289	0.425278	0.6427	-0.408327	0.648233
2.21	0	-1.72966	-0.168915	0	-17	-103.174	31.0365	-28.3356	158.264	0.781114	0.181081	-0.597553	0.134574	0.885705	0.444316	0.609713	-0.427477	0.667468
2.31	0	-1.87818	-0.186151	0	-17	-103.083	27.805	-28.4068	159.206	0.806626	0.176031	-0.564241	0.1276	0.880249	0.457033	0.577125	-0.440652	0.68757
2.41	0	-2.03072	-0.204537	0	-17	-102.996	24.5222	-27.9182	160.205	0.83072	0.168012	-0.530732	0.118364	0.878263	0.463296	0.543961	-0.447689	0.709705
2.51	0	-2.1867	-0.223497	0	-17	-102.91	21.2934	-26.8024	161.247	0.8525	0.157364	-0.498477	0.107433	0.880506	0.4617	0.511567	-0.447152	0.733726
2.63	0	-2.37372	-0.245329	0	-17	-102.804	17.7367	-24.6083	162.506	0.873978	0.14206	-0.464737	0.0934168	0.889371	0.44754	0.476902	-0.434555	0.76402
2.73	0	-2.53775	-0.265151	0	-17	-102.699	15.0328	-21.905	163.598	0.888221	0.12684	-0.441561	0.0813774	0.902496	0.422941	0.452153	-0.411598	0.791294
2.83	0	-2.70034	-0.283536	0	-17	-102.593	12.6106	-18.221	164.712	0.898391	0.108733	-0.425524	0.0687347	0.922122	0.380744	0.433785	-0.371305	0.820953
2.93	0	-2.87357	-0.305369	0	-17	-102.48	11.0271	-13.7515	165.672	0.902749	0.088324	-0.421003	0.0582902	0.94455	0.323152	0.4262	-0.316265	0.847543
3.03	0	-3.03789	-0.328638	0	-17	-102.374	10.3315	-8.76297	166.388	0.901298	0.0650677	-0.428285	0.0489753	0.967012	0.24998	0.430422	-0.246282	0.868379
3.13	0	3.08012	-0.353918	0	-17	-102.264	10.5037	-3.11303	166.819	0.894417	0.0360713	-0.445776	0.0386169	0.986791	0.157331	0.445563	-0.157934	0.88121
3.23	0	2.91494	-0.377761	0	-17	-102.148	11.5307	2.88598	166.864	0.883237	0.00120252	-0.468925	0.025455	0.998399	0.0505056	0.468235	-0.0565449	0.881793
3.33	0	2.75119	-0.399881	0	-17	-102.028	13.2565	8.59296	166.503	0.870048	-0.0350774	-0.491718	0.0100836	0.998523	-0.0533891	0.492864	0.0414929	0.869116
3.43	0	2.58802	-0.422288	0	-17	-101.904	15.5382	13.4965	165.839	0.855556	-0.0675166	-0.513289	-0.00524287	0.990279	-0.138997	0.517684	0.121611	0.846885
3.54	0	2.42744	-0.447855	0	-17	-101.77	18.2381	17.3278	165.022	0.839221	-0.0933977	-0.53571	-0.0185553	0.979648	-0.199864	0.543474	0.17767	0.820408
3.64	0	2.26714	-0.475146	0	-17	-101.64	21.7427	19.9873	163.942	0.805133	-0.116501	-0.58154	-0.0276403	0.972082	-0.233008	0.59245	0.203676	0.779435
3.74	0	2.11	-0.502436	0	-17	-101.515	24.9831	21.9406	163.009	0.783236	-0.131865	-0.60758	-0.0364913	0.965814	-0.256655	0.620653	0.223193	0.751648
3.84	0	1.95718	-0.528291	0	-17	-101.369	28.2978	23.1002	162.118	0.75962	-0.142326	-0.634603	-0.0428007	0.962706	-0.267144	0.648958	0.230089	0.725198
3.94	0	1.80808	-0.555294	0	-17	-101.22	31.6034	23.5504	161.276	0.734859	-0.148084	-0.661856	-0.0460124	0.962739	-0.266491	0.676657	0.226287	0.700664
4.04	0	1.66071	-0.584309	0	-17	-101.077	34.8642	23.372	160.477	0.709356	-0.149379	-0.68884	-0.0458675	0.965431	-0.256593	0.703356	0.213611	0.677982
4.14	0	1.51909	-0.613036	0	-17	-100.929	37.9352	22.6723	159.76	0.684502	-0.14663	-0.714113	-0.0425747	0.969851	-0.239951	0.727767	0.19465	0.657622
4.24	0	1.38235	-0.64205	0	-17	-100.78	40.7897	21.5365	159.121	0.660831	-0.140214	-0.737321	-0.0362221	0.975291	-0.217933	0.74966	0.170724	0.639424
4.34	0	1.24905	-0.671352	0	-17	-100.626	43.4262	20.0297	158.556	0.638666	-0.130486	-0.75834	-0.0270068	0.981109	-0.191562	0.76901	0.142825	0.623077
4.44	0	1.12064	-0.701515	0	-17	-100.461	45.7984	18.2311	158.077	0.6187	-0.117916	-0.776727	-0.0151857	0.986692	-0.161887	0.78548	0.111955	0.608676
4.54	0	0.998553	-0.73254	0	-17	-100.3	47.8668	16.2263	157.677	0.601545	-0.103155	-0.792151	-0.00126794	0.991503	-0.130078	0.798838	0.0792522	0.596303
4.66	0	0.86095	-0.770747	0	-17	-100.102	49.9547	13.6556	157.303	0.584901	-0.0834939	-0.806796	0.0174026	0.995751	-0.0904321	0.810918	0.0388535	0.583868
4.76	0	0.750926	-0.803783	0	-17	-99.932	51.4175	11.3878	157.064	0.574063	-0.0657335	-0.816169	0.0343782	0.997828	-0.0561838	0.818089	0.00419456	0.575076
4.86	0	0.648083	-0.835958	0	-17	-99.7574	52.6138	9.12508	156.891	0.566059	-0.0478489	-0.822975	0.0514369	0.998419	-0.0226701	0.822759	-0.0294987	0.567625
4.96	0	0.551847	-0.869856	0	-17	-99.5796	53.8441	6.55463	156.492	0.544961	-0.0260484	-0.838057	0.0788959	0.996676	0.0203249	0.834741	-0.0771955	0.545205
5.06	0	0.462793	-0.904616	0	-17	-99.3971	54.5604	4.36305	156.438	0.542831	-0.00808772	-0.839803	0.0966012	0.993918	0.0528691	0.834268	-0.109825	0.540311
5.16	0	0.381496	-0.939375	0	-17	-99.2066	54.7956	2.3703	156.614	0.54713	0.00856715	-0.837004	0.114679	0.989751	0.0850935	0.829155	-0.142544	0.54054
5.26	0	0.307667	-0.974422	0	-17	-99.0351	55.1541	0.432143	156.641	0.549135	0.0240367	-0.835388	0.13041	0.984877	0.114061	0.825497	-0.171578	0.537696
5.36	0	0.241307	-1.01033	0	-17	-98.8367	55.3956	-1.36524	156.723	0.552544	0.0381573	-0.83261	0.145168	0.979277	0.141217	0.820744	-0.198897	0.535554
5.46	0	0.183279	-1.04681	0	-17	-98.6478	55.5248	-2.98735	156.828	0.557145	0.0506463	-0.828869	0.158667	0.973257	0.166121	0.815116	-0.224068	0.534209
5.56	0	0.132719	-1.08387	0	-17	-98.4462	55.583	-4.44651	156.966	0.562519	0.0616169	-0.824485	0.171013	0.966982	0.188943	0.808905	-0.247282	0.533408
5.66	0	0.090203	-1.12122	0	-17	-98.2572	55.5781	-5.72035	157.114	0.568446	0.0709329	-0.819657	0.18206	0.960731	0.209404	0.802323	-0.268262	0.53321
5.76	0	0.0563051	-1.15971	0	-17	-98.0461	55.5497	-6.79919	157.297	0.574583	0.0785966	-0.814663	0.191953	0.954674	0.227489	0.795618	-0.287088	0.533453
5.86	0	0.0304507	-1.19792	0	-17	-97.8223	55.5139	-7.68529	157.501	0.580597	0.0846781	-0.809776	0.200603	0.949039	0.24307	0.789091	-0.303569	0.534023
5.96	0	0.013789	-1.23699	0	-17	-97.6143	55.6329	-8.81098	157.392	0.576535	0.0964356	-0.811361	0.222268	0.937052	0.269313	0.78626	-0.335608	0.518809
6.06	0	0.00574541	-1.27663	0	-17	-97.4111	55.5755	-9.28813	157.609	0.582798	0.099356	-0.80652	0.228878	0.932247	0.280234	0.779719	-0.347915	0.520571
6.16	0	0.00459633	-1.31857	0	-17	-97.1888	55.5307	-9.61538	157.853	0.589023	0.101121	-0.801764	0.234887	0.927883	0.289589	0.773227	-0.358899	0.522793
6.26	0	0.0103417	-1.35994	0	-17	-96.9698	55.4978	-9.77149	158.103	0.594831	0.101661	-0.797397	0.239934	0.924299	0.296822	0.767208	-0.367881	0.52541
6.36	0	0.0290143	-1.40073	0	-17	-96.7491	55.4934	-9.61183	158.372	0.599711	0.100152	-0.793925	0.243474	0.922262	0.300256	0.762277	-0.373367	0.528706
6.46	0	0.0563051	-1.44239	0	-17	-96.5284	55.4901	-9.24862	158.66	0.604366	0.0973275	-0.79074	0.246161	0.921135	0.30152	0.757724	-0.376878	0.532745
6.56	0	0.0919266	-1.48462	0	-17	-96.2967	55.4825	-8.68798	158.979	0.608851	0.0932703	-0.787783	0.248026	0.920896	0.300721	0.753515	-0.378485	0.537555
6.66	0	0.135592	-1.52627	0	-17	-96.0697	55.4495	-7.92893	159.32	0.61322	0.0880202	-0.784993	0.248939	0.921598	0.297804	0.749661	-0.378035	0.54323
6.76	0	0.187588	-1.56965	0	-17	-95.822	55.0927	-6.80406	159.904	0.623967	0.0798945	-0.777356	0.249581	0.922286	0.295123	0.740523	-0.378161	0.555535
6.86	0	0.248202	-1.61216	0	-17	-95.5855	54.9827	-6.29987	160.073	0.625522	0.0796152	-0.776134	0.265445	0.913719	0.307663	0.733663	-0.39847	0.550418
6.96	0	0.316285	-1.65497	0	-17	-95.3537	54.7001	-5.00205	160.565	0.632612	0.0710499	-0.771203	0.264114	0.916298	0.301069	0.728042	-0.394145	0.560896
7.07	0	0.392125	-1.69921	0	-17	-95.1156	54.2701	-3.5562	161.128	0.6414	0.0616734	-0.764724	0.2621	0.919179	0.293962	0.721047	-0.388982	0.573397
7.17	0	0.474571	-1.74316	0	-17	-94.8632	53.6734	-1.995	161.772	0.651943	0.0517784	-0.756498	0.259355	0.922267	0.286634	0.712534	-0.383071	0.587837
7.27	0	0.564487	-1.7874	0	-17	-94.6123	52.848	-0.325652	162.501	0.665022	0.0414484	-0.745672	0.255819	0.925411	0.27959	0.701642	-0.376691	0.604816
7.37	0	0.667617	-1.8325	0	-17	-94.3504	51.6816	1.53182	163.371	0.68183	0.0303447	-0.730881	0.251035	0.928757	0.272748	0.687087	-0.369445	0.625637
7.47	0	0.765864	-1.87731	0	-17	-94.1059	50.299	3.17665	164.283	0.701732	0.0207108	-0.71214	0.246358	0.93086	0.269829	0.668491	-0.36479	0.648111
7.57	0	0.882783	-1.92242	0	-17	-93.8376	48.3647	5.01258	165.415	0.727629	0.0105404	-0.68589	0.239608	0.932996	0.268527	0.642763	-0.359733	0.676349
7.67	0	0.999989	-1.96982	0	-17	-93.5789	45.7879	5.70979	166.613	0.765142	0.00735265	-0.643819	0.246518	0.920395	0.303483	0.5948	-0.390921	0.702421
7.77	0	1.1238	-2.01635	0	-17	-93.3185	42.7142	7.13123	168.084	0.805949	-0.0011227	-0.591983	0.233623	0.919436	0.31632	0.543936	-0.393238	0.741281
7.87	0	1.2525	-2.06289	0	-17	-93.0534	38.8399	8.30561	169.75	0.854908	-0.00913134	-0.518699	0.21392	0.917088	0.336434	0.47262	-0.39858	0.785979
7.97	0	1.38579	-2.10943	0	-17	-92.7931	33.865	9.22314	171.608	0.911513	-0.0180001	-0.410878	0.181248	0.914375	0.362033	0.369179	-0.404469	0.836727
8.07	0	1.52598	-2.15712	0	-17	-92.5184	27.1843	10.082	173.652	0.969633	-0.0298554	-0.242735	0.123677	0.916114	0.381365	0.210987	-0.399805	0.891987
8.17	0	1.66962	-2.20423	0	-17	-92.2374	18.726	11.5193	175.48	0.999219	-0.0392201	-0.0048712	0.0384136	0.934826	0.353022	-0.00929184	-0.352934	0.935602
8.27	0	1.81699	-2.25306	0	-17	-91.9628	10.7138	13.9728	176.405	0.975883	-0.0261187	0.216726	-0.0298129	0.967567	0.250849	-0.216249	-0.25126	0.943454
8.37	0	1.96809	-2.30075	0	-17	-91.6834	4.70308	15.028	176.772	0.938809	-0.00495723	0.344401	-0.05537	0.98472	0.165108	-0.339957	-0.174074	0.92419
8.47	0	2.12236	-2.34873	0	-17	-91.4056	-0.602734	13.9451	176.869	0.898931	0.00107179	0.438089	-0.0703939	0.987356	0.142028	-0.432398	-0.158512	0.887641
8.57	0	2.27921	-2.39727	0	-17	-91.123	-4.52023	12.4233	177.058	0.872378	0.00336066	0.488821	-0.0735952	0.989482	0.12454	-0.48326	-0.14462	0.863449
8.67	0	2.43835	-2.44381	0	-17	-90.842	-7.75425	9.8131	177.255	0.852173	-0.00481836	0.523237	-0.076653	0.98802	0.13394	-0.517615	-0.154248	0.841595
8.77	0	2.59951	-2.49322	0	-17	-90.5547	-10.3694	6.38445	177.434	0.836723	-0.0205683	0.54724	-0.0806348	0.983775	0.160265	-0.541657	-0.178224	0.821489
8.87	0	2.7624	-2.5412	0	-17	-90.2642	-12.2807	2.21366	177.572	0.827108	-0.0430784	0.56039	-0.0863297	0.975489	0.202406	-0.555374	-0.21579	0.803116
8.97	0	2.92729	-2.58745	0	-17	-89.9705	-13.431	-2.53887	177.638	0.823618	-0.0702425	0.562778	-0.0931171	0.962086	0.256357	-0.559449	-0.263545	0.785851
9.07	0	3.09189	-2.63628	0	-17	-89.6816	-13.8047	-7.5271	177.602	0.825279	-0.0985128	0.556067	-0.0989667	0.9442	0.314154	-0.555986	-0.314297	0.769478
9.17	0	-3.0264	-2.68311	0	-17	-89.372	-13.3648	-12.6555	177.481	0.832618	-0.126572	0.539191	-0.103188	0.921039	0.375551	-0.54415	-0.368329	0.753813
9.27	0	-2.85403	-2.73367	0	-17	-89.0624	-12.8593	-18.1671	176.854	0.830183	-0.162347	0.533328	-0.111862	0.888694	0.444646	-0.546153	-0.428797	0.719618
9.37	0	-2.69115	-2.78222	0	-17	-88.7592	-10.9712	-22.77	176.562	0.844888	-0.184217	0.502223	-0.108483	0.860324	0.498071	-0.523827	-0.475297	0.706893
9.47	0	-2.53028	-2.83077	0	-17	-88.4544	-8.50661	-26.9162	176.234	0.861392	-0.201408	0.466303	-0.100867	0.831916	0.545656	-0.497825	-0.517059	0.69629
9.57	0	-2.36941	-2.87702	0	-17	-88.1528	-5.3276	-30.2278	176.008	0.878505	-0.21244	0.427901	-0.0872791	0.809243	0.580954	-0.469693	-0.547718	0.692383
9.67	0	-2.21084	-2.92873	0	-17	-87.8591	-2.04354	-33.1734	175.698	0.894398	-0.220728	0.389014	-0.0720837	0.787243	0.612415	-0.441425	-0.575784	0.688198
9.77	0	-2.05485	-2.97814	0	-17	-87.5384	1.50034	-35.4923	175.455	0.909427	-0.225197	0.349612	-0.0544372	0.76899	0.636938	-0.412285	-0.598281	0.687081
9.87	0	-1.90231	-3.02726	0	-17	-87.2273	5.1516	-37.1202	175.283	0.922549	-0.226563	0.312367	-0.0354062	0.756377	0.653177	-0.384253	-0.613648	0.689772
9.97	0	-1.75379	-3.07609	0	-17	-86.9098	7.68091	-38.1129	175.006	0.919965	-0.240859	0.309275	-0.0254844	0.75055	0.660322	-0.391171	-0.615355	0.684342
10.07	0	-1.60785	-3.12608	0	-17	-86.5923	11.2068	-38.3534	175.119	0.928876	-0.238783	0.283146	-0.00720588	0.752658	0.658372	-0.37032	-0.613587	0.697405
10.17	0	-1.4668	3.10741	0	-17	-86.2748	14.5395	-37.9365	175.377	0.935435	-0.235248	0.263856	0.00914184	0.762261	0.647205	-0.353381	-0.603006	0.715196
10.27	0	-1.32949	3.058	0	-17	-85.9605	17.6476	-36.8677	175.789	0.939893	-0.230089	0.252312	0.0228965	0.779701	0.625733	-0.340702	-0.582345	0.738103
10.37	0	-1.19849	3.00772	0	-17	-85.635	20.4087	-35.122	176.399	0.942009	-0.222621	0.251117	0.033018	0.80614	0.590803	-0.333961	-0.54825	0.766741
10.47	0	-1.07238	2.95745	0	-17	-85.3191	22.8388	-32.621	177.198	0.942216	-0.210489	0.26062	0.0393212	0.842068	0.537936	-0.332689	-0.496604	0.801687
10.58	0	-0.953164	2.90804	0	-17	-84.9699	24.9233	-29.2306	178.235	0.940824	-0.189279	0.281112	0.041616	0.887742	0.458456	-0.336331	-0.419628	0.843086
10.68	0	-0.838831	2.85806	0	-17	-84.6412	25.4795	-23.3706	179.691	0.925576	-0.141819	0.350994	0.0361127	0.956026	0.291051	-0.376836	-0.256714	0.889996
10.78	0	-0.730242	2.80865	0	-17	-84.3126	28.5755	-14.7054	180.948	0.94033	-0.0320215	0.338753	0.0285577	0.999476	0.015206	-0.339063	-0.00462466	0.940752
10.88	0	-0.623952	2.75608	0	-17	-83.9824	33.8162	-4.26601	180.775	0.978927	0.0854642	0.185467	-0.0233518	0.949103	-0.314098	-0.202871	0.303148	0.931099
10.98	0	-0.52944	2.70724	0	-17	-83.6506	38.7895	2.39579	179.525	0.993349	0.114948	0.00674368	-0.0976582	0.872066	-0.479546	-0.061004	0.475698	0.877491
11.08	0	-0.442397	2.6584	0	-17	-83.3252	42.5277	6.74506	178.259	0.986026	0.107246	-0.127477	-0.160515	0.816393	-0.554741	0.0445782	0.567451	0.8222
11.18	0	-0.362823	2.60985	0	-17	-82.995	45.3102	9.94486	177.193	0.970341	0.0893669	-0.224617	-0.20883	0.777934	-0.592629	0.121776	0.621959	0.773523
11.28	0	-0.290431	2.56159	0	-17	-82.6537	47.4802	12.5135	176.309	0.951879	0.0688455	-0.29864	-0.246839	0.749777	-0.613926	0.181647	0.658099	0.730691
11.38	0	-0.225795	2.51333	0	-17	-82.3108	47.9214	15.4885	175.687	0.945704	0.0636873	-0.318728	-0.266635	0.7128	-0.648708	0.185875	0.698469	0.69108
11.48	0	-0.169777	2.46507	0	-17	-81.9711	49.4432	17.2964	175.033	0.928027	0.0426802	-0.37006	-0.29388	0.694343	-0.656904	0.228912	0.718378	0.656912
11.58	0	-0.121516	2.41681	0	-17	-81.6329	50.745	18.7818	174.486	0.910306	0.0223874	-0.413329	-0.316801	0.680365	-0.660864	0.26642	0.732531	0.626433
11.68	0	-0.0815849	2.36912	0	-17	-81.29	51.8882	19.9651	174.04	0.892802	0.00320519	-0.450438	-0.33623	0.670187	-0.661664	0.299757	0.742185	0.599422
11.78	0	-0.0496978	2.32143	0	-17	-80.944	52.9365	20.8765	173.675	0.875219	-0.0150242	-0.483494	-0.353138	0.663234	-0.659859	0.330583	0.748261	0.575169
11.88	0	-0.0267162	2.27404	0	-17	-80.5995	53.9223	21.506	173.382	0.857495	-0.0321157	-0.513489	-0.36792	0.659367	-0.655644	0.359634	0.751135	0.553588
11.98	0	-0.0117781	2.22692	0	-17	-80.2566	54.463	21.5143	173.486	0.849419	-0.0386751	-0.5263	-0.373556	0.660378	-0.651427	0.372751	0.749937	0.54649
12.08	0	-0.0048836	2.17981	0	-17	-79.9073	54.4967	22.8181	173.144	0.846105	-0.0449263	-0.531119	-0.385868	0.635787	-0.668491	0.367712	0.770556	0.520607
12.18	0	-0.00517087	2.13299	0	-17	-79.5406	55.5179	22.7789	172.981	0.826718	-0.0606703	-0.559336	-0.398679	0.638308	-0.658497	0.39698	0.767386	0.503513
12.28	0	-0.0149381	2.08645	0	-17	-79.1882	56.5219	22.4511	172.868	0.806777	-0.0747527	-0.586108	-0.409844	0.643729	-0.646251	0.425604	0.761594	0.488709
12.38	0	-0.0347598	2.03847	0	-17	-78.8358	57.5587	21.8175	172.792	0.785124	-0.0877386	-0.613092	-0.419891	0.652272	-0.631057	0.455271	0.75289	0.475274
12.48	0	-0.0640614	1.99251	0	-17	-78.4849	58.5574	20.9053	172.78	0.763288	-0.0984089	-0.63852	-0.428031	0.663268	-0.613893	0.483922	0.741884	0.464142
12.59	0	-0.101119	1.94741	0	-17	-78.1341	59.5206	19.7557	172.818	0.74094	-0.107085	-0.662979	-0.43445	0.676373	-0.594787	0.512114	0.728733	0.454629
12.69	0	-0.14737	1.90116	0	-17	-77.7817	60.4601	18.3194	172.9	0.717309	-0.113891	-0.687384	-0.439154	0.69202	-0.572932	0.540936	0.712837	0.446376
12.79	0	-0.201377	1.85634	0	-17	-77.4229	60.7151	17.9918	172.738	0.707467	-0.119098	-0.696639	-0.451736	0.681858	-0.575329	0.54353	0.721724	0.428591
12.89	0	-0.263427	1.81153	0	-17	-77.0641	61.521	16.1021	172.936	0.683245	-0.122555	-0.719831	-0.453719	0.701144	-0.550033	0.572114	0.702408	0.423447
12.99	0	-0.332947	1.76557	0	-17	-76.7006	62.2119	13.9831	173.192	0.658622	-0.123636	-0.742247	-0.453348	0.722092	-0.52255	0.600577	0.680659	0.419536
13.09	0	-0.409648	1.72248	0	-17	-76.3529	62.6777	11.6875	173.536	0.636175	-0.121591	-0.761904	-0.450253	0.743405	-0.494591	0.626541	0.657696	0.418189
13.19	0	-0.495255	1.67824	0	-17	-76.0052	62.4282	9.01471	174.334	0.629172	-0.11162	-0.76921	-0.442381	0.762287	-0.472459	0.639094	0.637542	0.430231
13.29	0	-0.586894	1.63371	0	-17	-75.6322	62.4447	6.38824	174.863	0.609345	-0.105321	-0.785879	-0.434844	0.784405	-0.442288	0.66303	0.611241	0.432176
13.39	0	-0.685715	1.59148	0	-17	-75.2671	62.1264	3.6717	175.508	0.593064	-0.0965887	-0.799341	-0.424851	0.805778	-0.412581	0.683942	0.584287	0.436843
13.49	0	-0.791144	1.54868	0	-17	-74.9067	61.1793	2.46018	175.928	0.589589	-0.0963095	-0.801941	-0.430741	0.802406	-0.413047	0.683263	0.588956	0.431605
13.59	0	-0.909499	1.50559	0	-17	-74.5289	60.1097	-0.401739	176.868	0.579431	-0.0851836	-0.810557	-0.416955	0.823543	-0.384611	0.700291	0.560821	0.441669
13.69	0	-1.02843	1.46451	0	-17	-74.159	58.6778	-3.0274	177.902	0.574034	-0.0740235	-0.815479	-0.402208	0.841991	-0.359554	0.713242	0.534388	0.453559
13.79	0	-1.1465	1.42285	0	-17	-73.8177	56.9581	-5.38113	178.972	0.571774	-0.0635552	-0.817946	-0.386802	0.858347	-0.337083	0.723505	0.509118	0.466197
13.89	0	-1.2818	1.37976	0	-17	-73.4224	54.5766	-7.63503	180.324	0.57596	-0.0533288	-0.815737	-0.369562	0.873094	-0.318012	0.729174	0.484627	0.483158
13.99	0	-1.41653	1.33954	0	-17	-73.0636	51.813	-9.36943	181.744	0.586038	-0.0458623	-0.808985	-0.353017	0.884212	-0.305857	0.729341	0.464829	0.501992
14.09	0	-1.55672	1.29961	0	-17	-72.7017	48.5919	-10.5784	183.294	0.601793	-0.0417375	-0.797561	-0.336803	0.892227	-0.300823	0.724161	0.449654	0.522879
14.19	0	-1.70179	1.25968	0	-17	-72.3397	45.0663	-9.41868	184.544	0.625121	-0.0574841	-0.778408	-0.340105	0.877569	-0.337937	0.702533	0.475991	0.529036
14.29	0	-1.84916	1.22061	0	-17	-71.973	41.1917	-9.19328	186.211	0.649442	-0.0627236	-0.757819	-0.324541	0.878402	-0.350832	0.687676	0.473789	0.550115
14.39	0	-2.00142	1.18212	0	-17	-71.6095	37.0051	-8.06293	187.882	0.678403	-0.0733394	-0.73102	-0.309189	0.874103	-0.374628	0.666462	0.480172	0.570318
14.49	0	-2.15683	1.14391	0	-17	-71.2412	32.1168	-5.97967	189.667	0.720902	-0.0885735	-0.687354	-0.292234	0.860462	-0.417378	0.62841	0.501757	0.594425
14.59	0	-2.31569	1.10571	0	-17	-70.8745	27.8864	-2.91626	191.02	0.751286	-0.108036	-0.651074	-0.275982	0.844688	-0.458624	0.599502	0.524243	0.604786
14.69	0	-2.4757	1.06807	0	-17	-70.5109	23.9734	1.06058	192.069	0.779664	-0.130277	-0.612497	-0.259924	0.82255	-0.505818	0.569705	0.55357	0.60745
14.79	0	-2.63772	1.03073	0	-17	-70.1347	20.6035	5.844	192.75	0.803899	-0.154136	-0.574446	-0.244898	0.794378	-0.555867	0.542006	0.587542	0.600852
14.89	0	-2.80175	0.993957	0	-17	-69.7648	18.0162	11.2486	192.99	0.822218	-0.178648	-0.54041	-0.232421	0.761313	-0.605295	0.519556	0.623287	0.584443
14.99	0	-2.96607	0.957761	0	-17	-69.4044	17.2357	18.1104	191.969	0.82377	-0.215968	-0.524177	-0.237612	0.707941	-0.665101	0.514727	0.672441	0.531864
15.09	0	-3.13096	0.922426	0	-17	-69.0441	16.8455	23.7489	191.31	0.825595	-0.24126	-0.510084	-0.236108	0.673333	-0.700625	0.512489	0.698868	0.498937
15.19	0	2.98819	0.887379	0	-17	-68.6805	17.581	29.1552	190.318	0.819433	-0.267204	-0.507081	-0.241451	0.641441	-0.728186	0.519837	0.719135	0.461102
15.29	0	2.82387	0.853481	0	-17	-68.3138	19.3659	34.1694	189.055	0.805793	-0.293868	-0.514139	-0.253333	0.613685	-0.747805	0.535276	0.732825	0.420057
15.39	0	2.66099	0.819583	0	-17	-67.9455	22.0926	38.5561	187.612	0.784435	-0.320909	-0.530734	-0.270819	0.592609	-0.758599	0.557959	0.738805	0.377955
15.49	0	2.49897	0.786547	0	-17	-67.5772	25.5958	42.2303	186.048	0.756035	-0.347581	-0.554616	-0.292346	0.578808	-0.761258	0.585615	0.737678	0.335985
15.59	0	2.33896	0.754373	0	-17	-67.2073	29.6883	45.0975	184.437	0.721142	-0.372811	-0.583924	-0.316032	0.573027	-0.756151	0.616505	0.72983	0.295414
15.69	0	2.18067	0.722199	0	-17	-66.8327	35.1078	47.6962	181.729	0.66377	-0.410526	-0.625202	-0.353828	0.564096	-0.746057	0.65895	0.716424	0.229174
15.79	0	2.02669	0.690886	0	-17	-66.4691	39.622	48.5136	180.428	0.617764	-0.42712	-0.660254	-0.372892	0.580112	-0.72417	0.692329	0.69357	0.199103
15.89	0	1.87588	0.660148	0	-17	-66.1199	44.4069	48.8924	178.936	0.567962	-0.441168	-0.694831	-0.391748	0.597549	-0.69962	0.723845	0.669557	0.166559
16	0	1.72018	0.629123	0	-17	-65.7357	49.4264	48.543	177.481	0.51293	-0.45044	-0.730758	-0.407526	0.621456	-0.669115	0.755529	0.641012	0.135198
16.1	0	1.58257	0.601545	0	-17	-65.3912	53.8515	47.6086	176.275	0.461746	-0.453536	-0.762296	-0.417304	0.647278	-0.637878	0.782718	0.612647	0.109615
16.2	0	1.43578	0.571956	0	-17	-65.0007	58.4896	46.0008	175.096	0.405375	-0.451067	-0.795116	-0.422715	0.678716	-0.600547	0.810545	0.579555	0.0844621
16.3	0	1.30162	0.544378	0	-17	-64.6372	62.5906	43.9966	174.117	0.353017	-0.443159	-0.824008	-0.422466	0.710316	-0.563005	0.834807	0.546865	0.0635341
16.4	0	1.17063	0.517375	0	-17	-64.2752	66.4112	41.5864	173.259	0.302147	-0.430057	-0.85074	-0.417238	0.742761	-0.523659	0.857099	0.513183	0.0449872
16.5	0	1.04595	0.490658	0	-17	-63.9022	70.5489	39.2387	171.275	0.233101	-0.423744	-0.875274	-0.418454	0.768768	-0.483624	0.877815	0.478996	0.00188297
16.6	0	0.927597	0.464804	0	-17	-63.5323	73.5974	36.3496	170.691	0.188433	-0.402069	-0.89601	-0.404232	0.799731	-0.443877	0.895036	0.445837	-0.0118336
16.7	0	0.814987	0.439237	0	-17	-63.183	76.2815	33.3158	170.216	0.147545	-0.377226	-0.914293	-0.386413	0.828955	-0.404374	0.910448	0.412958	-0.0234564
16.8	0	0.708122	0.414244	0	-17	-62.8338	78.6242	30.2104	169.851	0.110623	-0.350033	-0.930182	-0.365825	0.855877	-0.365578	0.924086	0.380725	-0.0333708
16.9	0	0.607578	0.390401	0	-17	-62.4655	80.6446	27.1178	169.596	0.0778944	-0.321516	-0.943695	-0.34352	0.879949	-0.328152	0.935909	0.349739	-0.0419038
17	0	0.514502	0.367132	0	-17	-62.1067	82.3429	24.0974	169.429	0.0494159	-0.292409	-0.955016	-0.319927	0.901168	-0.292476	0.946153	0.319988	-0.0490175
17.1	0	0.428608	0.344725	0	-17	-61.7479	83.5111	21.1618	169.644	0.0300769	-0.262837	-0.964371	-0.295953	0.919205	-0.259758	0.954729	0.293221	-0.0501406
17.2	0	0.350183	0.322318	0	-17	-61.3828	84.6928	18.4051	169.625	0.00901572	-0.234511	-0.972072	-0.271736	0.934955	-0.228077	0.96233	0.266203	-0.0552959
17.3	0	0.279227	0.300772	0	-17	-61.0399	86.2796	16.1934	168.297	-0.0323168	-0.215635	-0.975939	-0.257239	0.945349	-0.200358	0.965807	0.244575	-0.0860205
17.4	0	0.216315	0.280376	0	-17	-60.6732	87.0754	13.8401	168.371	-0.047508	-0.189885	-0.980656	-0.234269	0.9565	-0.173858	0.97101	0.221478	-0.0899255
17.5	0	0.160872	0.260267	0	-17	-60.3001	87.7379	11.6878	168.478	-0.0604564	-0.165733	-0.984316	-0.212027	0.965748	-0.149584	0.975392	0.199658	-0.0935255
17.6	0	0.114046	0.24102	0	-17	-59.9493	88.2685	9.7948	168.598	-0.0710862	-0.143953	-0.987028	-0.191281	0.973134	-0.12815	0.978958	0.17969	-0.0967118
17.7	0	0.0746904	0.223209	0	-17	-59.608	88.706	8.15093	168.729	-0.0798543	-0.124654	-0.988982	-0.172435	0.97892	-0.109463	0.981779	0.161794	-0.0996656
17.8	0	0.0442397	0.205686	0	-17	-59.2412	89.0988	6.77919	168.879	-0.0875153	-0.107956	-0.990296	-0.155139	0.983458	-0.0935002	0.984009	0.145451	-0.102816
17.9	0	0.0224071	0.187875	0	-17	-58.9111	89.4258	5.65661	169.012	-0.0939712	-0.0935587	-0.991169	-0.13897	0.98706	-0.0799953	0.985828	0.130225	-0.105757
18	0	0.00890539	0.170352	0	-17	-58.5396	89.7544	4.79611	169.161	-0.0999555	-0.0817569	-0.991627	-0.124418	0.989823	-0.0690669	0.987182	0.116472	-0.10911
18.1	0	0.00430906	0.155701	0	-17	-58.184	90.723	4.56886	167.855	-0.130711	-0.0792533	-0.988248	-0.119629	0.990777	-0.0636334	0.984177	0.109905	-0.138987
18.2	0	0.00574541	0.140763	0	-17	-57.8427	91.0007	4.20782	167.98	-0.135363	-0.0726287	-0.98813	-0.108915	0.992356	-0.0580191	0.984791	0.0997689	-0.142239
18.3	0	0.0175235	0.125825	0	-17	-57.4902	91.2733	4.16522	168.107	-0.139652	-0.0691955	-0.98778	-0.100043	0.993437	-0.0554478	0.985134	0.0910768	-0.145658
18.4	0	0.0399306	0.11261	0	-17	-57.1457	91.5174	4.50044	168.234	-0.143219	-0.0699217	-0.987218	-0.0943911	0.993919	-0.0567027	0.985179	0.0850636	-0.148948
18.5	0	0.0700941	0.0999702	0	-17	-56.7901	91.7416	5.09489	168.376	-0.146375	-0.0733777	-0.986504	-0.0905987	0.994048	-0.060496	0.985072	0.0805209	-0.152152
18.61	0	0.10945	0.0873303	0	-17	-56.4552	91.6804	5.97354	168.852	-0.143853	-0.0796645	-0.986387	-0.0886281	0.993786	-0.0673368	0.985622	0.077735	-0.150019
18.71	0	0.15685	0.0758395	0	-17	-56.1282	91.7759	7.12281	169.031	-0.145357	-0.0887537	-0.98539	-0.0882748	0.993159	-0.0764319	0.985433	0.0758752	-0.152197
18.81	0	0.212293	0.0652105	0	-17	-55.7869	91.7928	8.54324	169.258	-0.145909	-0.100717	-0.984158	-0.0899522	0.992034	-0.0881872	0.9852	0.0756599	-0.153806
18.91	0	0.275205	0.0557305	0	-17	-55.4408	91.6988	10.2188	169.541	-0.145175	-0.115438	-0.982649	-0.0937102	0.99031	-0.102493	0.984958	0.0772048	-0.154586
19.01	0	0.346448	0.0465379	0	-17	-55.0852	92.1975	12.0092	168.352	-0.170249	-0.132488	-0.976454	-0.0980718	0.988279	-0.116993	0.980509	0.0758446	-0.181247
19.11	0	0.424873	0.0390688	0	-17	-54.774	91.7652	14.101	168.777	-0.165885	-0.151599	-0.974423	-0.104527	0.98525	-0.135489	0.98059	0.0793778	-0.179285
19.21	0	0.514215	0.0304507	0	-17	-54.42	91.1195	16.4279	169.347	-0.159444	-0.172645	-0.971994	-0.111242	0.981461	-0.156078	0.980919	0.0832409	-0.175693
19.31	0	0.608152	0.0238435	0	-17	-54.0739	90.2411	18.87	170.026	-0.150519	-0.195124	-0.96916	-0.119497	0.976732	-0.178089	0.981358	0.0890056	-0.170334
19.41	0	0.708122	0.0178108	0	-17	-53.7437	89.0855	21.3879	170.835	-0.138812	-0.218267	-0.965966	-0.128031	0.971179	-0.201046	0.982008	0.0957655	-0.162756
19.51	0	0.814987	0.0126399	0	-17	-53.4262	87.6101	23.9672	171.8	-0.123936	-0.241944	-0.962343	-0.1368	0.964725	-0.224925	0.982815	0.103772	-0.152662
19.61	0	0.929895	0.00861812	0	-17	-53.1135	85.7649	26.5844	172.95	-0.105464	-0.265932	-0.958205	-0.145689	0.957314	-0.24965	0.983693	0.113271	-0.139706
19.71	0	1.04997	0.00517087	0	-17	-52.7865	83.5892	29.0868	174.291	-0.0840445	-0.288573	-0.953762	-0.153435	0.949481	-0.273757	0.984578	0.123332	-0.124076
19.81	0	1.17436	0.00229817	0	-17	-52.4452	81.0789	31.3635	175.839	-0.0599069	-0.308643	-0.94929	-0.158997	0.941807	-0.296176	0.98546	0.133191	-0.105494
19.91	0	1.30536	0.00057454	0	-17	-52.1292	78.1706	33.4153	177.583	-0.0323242	-0.326595	-0.944611	-0.163425	0.934113	-0.317373	0.986026	0.144114	-0.0835682
20.01	0	1.44124	-0.00028727	0	-17	-51.8022	76.1123	34.2302	178.072	-0.0353957	-0.333536	-0.942073	-0.155707	0.932992	-0.324471	0.987169	0.135203	-0.0849578
20.11	0	1.58257	-0.00028727	0	-17	-51.4831	72.6017	35.3829	180.266	-0.00376388	-0.342953	-0.939345	-0.155001	0.928199	-0.338263	0.987907	0.144326	-0.0566517
20.21	0	1.72707	-0.00028727	0	-17	-51.1672	68.8658	35.9012	182.635	0.0288601	-0.346295	-0.937681	-0.150934	0.925807	-0.346555	0.988122	0.15153	-0.0255489
20.31	0	1.87588	-0.00028727	0	-17	-50.8481	64.6817	35.1203	185.623	0.0644151	-0.332272	-0.940981	-0.130057	0.932102	-0.33804	0.989412	0.144156	0.016827
20.41	0	2.02928	-0	0	-17	-50.5354	60.6282	34.0139	188.285	0.097493	-0.320622	-0.942176	-0.119773	0.936026	-0.330923	0.988003	0.14511	0.052854
20.51	0	2.18527	0.00258544	0	-17	-50.2449	56.6109	32.0362	190.951	0.129564	-0.3019	-0.944494	-0.108694	0.942459	-0.31616	0.985596	0.143624	0.0892937
20.61	0	2.35102	0.00603269	0	-17	-49.9226	52.6316	28.9147	193.694	0.160263	-0.273223	-0.948507	-0.0954024	0.952141	-0.290389	0.982453	0.137028	0.126527
20.71	0	2.5119	0.0112036	0	-17	-49.602	49.2007	24.939	196.155	0.185939	-0.237636	-0.953392	-0.0824871	0.963112	-0.256146	0.979093	0.12627	0.159478
20.81	0	2.6765	0.0183853	0	-17	-49.3067	46.2805	19.9741	198.326	0.207203	-0.193899	-0.95889	-0.0697891	0.974735	-0.212184	0.975805	0.110885	0.188436
20.91	0	2.83967	0.0247053	0	-17	-49.0019	44.1564	14.1935	200.061	0.221742	-0.142488	-0.964639	-0.0561166	0.985762	-0.158507	0.973489	0.0892801	0.210589
21.01	0	3.00543	0.0324616	0	-17	-48.6971	44.755	7.63265	199.722	0.194492	-0.0846783	-0.977242	-0.0423713	0.994612	-0.0946161	0.979988	0.0598092	0.189856
21.11	0	-3.1143	0.0407924	0	-17	-48.3939	44.5059	1.33431	200.279	0.194835	-0.0298691	-0.980381	-0.0332129	0.998762	-0.0370297	0.980274	0.039776	0.193602
21.21	0	-2.94998	0.0491233	0	-17	-48.1018	45.2536	-5.17645	200.19	0.187371	0.0276858	-0.981899	-0.0225414	0.999461	0.0238795	0.982031	0.017659	0.187894
21.31	0	-2.78624	0.058316	0	-17	-47.8097	46.9672	-11.3004	199.478	0.172448	0.081407	-0.981649	-0.0130746	0.99668	0.0803567	0.984932	-0.00102269	0.17294
21.41	0	-2.62336	0.0683704	0	-17	-47.5128	49.529	-16.6863	198.242	0.150816	0.127932	-0.980249	-0.00553659	0.991685	0.128573	0.988546	-0.0139635	0.15027
21.52	0	-2.4622	0.0789994	0	-17	-47.2286	52.8036	-21.3019	196.556	0.12337	0.167688	-0.97809	0.00135087	0.98559	0.169145	0.99236	-0.0221886	0.121365
21.62	0	-2.30276	0.090203	0	-17	-46.9508	56.6176	-24.9644	194.548	0.091292	0.19882	-0.975775	0.0066102	0.979724	0.200243	0.995802	-0.0247306	0.0881267
21.72	0	-2.14649	0.102556	0	-17	-46.6841	60.763	-27.5737	192.358	0.0561276	0.22015	-0.97385	0.00905684	0.975235	0.220985	0.998383	-0.0212234	0.0527438
21.82	0	-1.99251	0.115196	0	-17	-46.392	65.1201	-29.212	190.083	0.018663	0.232673	-0.972376	0.009002	0.972467	0.232868	0.999785	-0.0130993	0.0160547
21.92	0	-1.84083	0.12841	0	-17	-46.1015	69.54	-29.9074	187.79	-0.019782	0.236429	-0.971447	0.00569985	0.971648	0.236362	0.999788	-0.000861394	-0.0205688
22.02	0	-1.69289	0.143061	0	-17	-45.8158	73.8643	-29.6936	185.572	-0.0577466	0.231249	-0.971179	-0.00208288	0.972773	0.231752	0.998329	0.0154057	-0.0556926
22.12	0	-1.54896	0.158286	0	-17	-45.5586	77.979	-28.7048	183.458	-0.0940259	0.218558	-0.971283	-0.0137201	0.975228	0.220774	0.995475	0.0340846	-0.088698
22.22	0	-1.4105	0.173799	0	-17	-45.2808	82.6083	-24.8912	180.54	-0.149159	0.165638	-0.974841	-0.0698407	0.981643	0.17748	0.986344	0.0945564	-0.134852
22.32	0	-1.26974	0.189599	0	-17	-45.0014	86.2028	-22.6853	178.643	-0.179933	0.140811	-0.973548	-0.0887646	0.983339	0.158633	0.979666	0.11496	-0.164436
22.42	0	-1.14707	0.206548	0	-17	-44.7331	89.1396	-20.2198	177.112	-0.2043	0.112885	-0.972378	-0.110423	0.984331	0.137473	0.97266	0.135459	-0.188634
22.52	0	-1.01723	0.224071	0	-17	-44.468	91.9594	-17.2098	175.604	-0.226904	0.0795015	-0.970667	-0.135468	0.984398	0.112293	0.964449	0.156975	-0.212594
22.62	0	-0.900019	0.243606	0	-17	-44.2156	94.2344	-14.0222	174.397	-0.243412	0.0434917	-0.968947	-0.16385	0.982793	0.0852743	0.955983	0.179519	-0.232097
22.72	0	-0.788558	0.262278	0	-17	-43.96	96.1588	-10.7473	173.352	-0.256124	0.00695421	-0.966619	-0.192279	0.979625	0.0579957	0.947328	0.200715	-0.249568
22.82	0	-0.68313	0.282674	0	-17	-43.7076	97.7285	-7.34413	172.487	-0.264263	-0.0313177	-0.963942	-0.223047	0.974361	0.0294918	0.938304	0.222798	-0.264473
22.92	0	-0.58517	0.303071	0	-17	-43.4583	98.9629	-3.97696	171.786	-0.268421	-0.0690806	-0.960822	-0.253802	0.967255	0.00136028	0.929266	0.244223	-0.277164
23.02	0	-0.493818	0.324329	0	-17	-43.2123	99.901	-0.635903	171.232	-0.268672	-0.106592	-0.957316	-0.285118	0.958121	-0.026663	0.920067	0.265785	-0.287812
23.12	0	-0.409935	0.346161	0	-17	-42.963	100.575	2.60582	170.815	-0.265427	-0.14298	-0.95347	-0.316291	0.947125	-0.0539788	0.910773	0.287247	-0.296616
23.22	0	-0.333234	0.36943	0	-17	-42.7106	101.013	5.76106	170.524	-0.258614	-0.178497	-0.949346	-0.347906	0.934037	-0.0808448	0.901155	0.309376	-0.303655
23.32	0	-0.263715	0.392986	0	-17	-42.4646	101.255	8.75872	170.331	-0.249044	-0.212055	-0.944992	-0.378581	0.919416	-0.106544	0.891433	0.331222	-0.309255
23.42	0	-0.201951	0.417117	0	-17	-42.2264	101.326	11.5757	170.229	-0.236916	-0.243459	-0.940531	-0.408356	0.903377	-0.130979	0.881542	0.35304	-0.313443
23.52	0	-0.148519	0.44211	0	-17	-41.9978	101.252	14.1926	170.209	-0.222397	-0.272546	-0.936087	-0.437288	0.886024	-0.154078	0.871389	0.375073	-0.316231
23.62	0	-0.103992	0.467389	0	-17	-41.7565	101.383	18.0386	168.471	-0.217376	-0.321005	-0.921793	-0.489335	0.85297	-0.181644	0.84457	0.411581	-0.342494
23.72	0	-0.065785	0.49468	0	-17	-41.5263	101.063	20.3254	168.596	-0.197227	-0.34589	-0.917312	-0.517106	0.831644	-0.202407	0.832888	0.434428	-0.342885
23.83	0	-0.0376325	0.521684	0	-17	-41.2993	100.693	22.3023	168.784	-0.176341	-0.367135	-0.9133	-0.542707	0.810337	-0.220958	0.821202	0.45669	-0.342142
23.93	0	-0.0186726	0.549549	0	-17	-41.0834	100.268	24.0377	169.037	-0.153983	-0.385515	-0.909762	-0.567162	0.788437	-0.238108	0.809084	0.479318	-0.340055
24.03	0	-0.00718177	0.577989	0	-17	-40.8548	99.8175	25.5711	169.351	-0.130587	-0.401328	-0.906577	-0.590412	0.766066	-0.25408	0.796468	0.502074	-0.336987
24.13	0	-0.00430906	0.606429	0	-17	-40.6421	99.3444	26.8387	169.72	-0.106646	-0.413979	-0.904017	-0.611851	0.743999	-0.268522	0.78375	0.524487	-0.332638
24.23	0	-0.00746904	0.63573	0	-17	-40.431	98.8367	27.9507	170.15	-0.0814023	-0.424441	-0.901789	-0.632317	0.721384	-0.282453	0.770421	0.547224	-0.327104
24.33	0	-0.0218326	0.666181	0	-17	-40.2278	98.2939	28.763	170.682	-0.0548497	-0.431549	-0.900421	-0.651531	0.698815	-0.295236	0.756636	0.570459	-0.319497
24.43	0	-0.0465379	0.696919	0	-17	-40.0182	97.7337	29.2663	171.319	-0.0277613	-0.43526	-0.899877	-0.669004	0.676981	-0.306808	0.74274	0.593504	-0.309984
24.53	0	-0.0792867	0.728806	0	-17	-39.8134	97.1089	29.5555	172.072	0.00102381	-0.436267	-0.899817	-0.68528	0.655013	-0.318356	0.728279	0.616952	-0.298294
24.63	0	-0.12209	0.762417	0	-17	-39.5944	96.3964	29.5925	172.991	0.0320994	-0.434218	-0.900236	-0.700404	0.632779	-0.330188	0.713024	0.641128	-0.283816
24.73	0	-0.171788	0.795165	0	-17	-39.3896	95.6182	29.3678	174.02	0.063366	-0.429237	-0.900966	-0.713072	0.612137	-0.341785	0.698221	0.664111	-0.267288
24.83	0	-0.229529	0.828489	0	-17	-39.1991	93.8992	29.4521	176.014	0.126146	-0.419534	-0.898932	-0.730285	0.574025	-0.370378	0.671395	0.703198	-0.233968
24.93	0	-0.293878	0.862674	0	-17	-38.9974	92.7685	28.8058	177.425	0.163305	-0.40809	-0.898217	-0.738153	0.553514	-0.385683	0.65457	0.726006	-0.210841
25.03	0	-0.367132	0.897146	0	-17	-38.8244	91.4249	27.8824	179.027	0.202508	-0.393622	-0.896689	-0.743185	0.534501	-0.402473	0.637703	0.747911	-0.184294
25.13	0	-0.448142	0.931619	0	-17	-38.6291	89.8614	26.7322	180.837	0.243591	-0.376739	-0.893718	-0.745345	0.516897	-0.421044	0.620584	0.768691	-0.154889
25.23	0	-0.536047	0.967528	0	-17	-38.4529	87.9607	25.4342	182.864	0.288608	-0.357558	-0.888177	-0.744384	0.499625	-0.44302	0.602161	0.789004	-0.121964
25.33	0	-0.636305	1.00344	0	-17	-38.2735	84.4619	26.7533	184.153	0.366802	-0.348069	-0.862731	-0.752735	0.433903	-0.495094	0.546669	0.831009	-0.102847
25.44	0	-0.733402	1.03963	0	-17	-38.1227	81.786	25.3503	186.554	0.417905	-0.324423	-0.84859	-0.741377	0.418086	-0.524943	0.525087	0.848501	-0.0657997
25.54	0	-0.847736	1.07841	0	-17	-37.9354	78.4408	23.6866	189.347	0.474691	-0.297787	-0.828246	-0.723729	0.403464	-0.559851	0.500884	0.865182	-0.0239966
25.64	0	-0.962357	1.11605	0	-17	-37.7624	74.747	22.1328	192.133	0.531185	-0.271934	-0.80243	-0.701192	0.390519	-0.596511	0.475576	0.879515	0.0167599
25.74	0	-1.08416	1.15397	0	-17	-37.6004	70.5019	20.643	195.007	0.589201	-0.24616	-0.769576	-0.672372	0.3788	-0.635945	0.44806	0.892141	0.0576782
25.84	0	-1.21113	1.19217	0	-17	-37.4401	65.7217	19.3534	197.886	0.64773	-0.221178	-0.729058	-0.637075	0.367567	-0.677518	0.41783	0.903313	0.0971769
25.94	0	-1.34328	1.23096	0	-17	-37.2845	60.3522	18.3848	200.72	0.706377	-0.197161	-0.679823	-0.594543	0.355934	-0.720993	0.384123	0.913476	0.134203
26.04	0	-1.48059	1.27002	0	-17	-37.1385	54.4784	17.8217	203.397	0.762961	-0.174557	-0.622431	-0.545164	0.343694	-0.764637	0.347399	0.922716	0.167063
26.14	0	-1.62222	1.31024	0	-17	-36.9893	48.1042	17.8112	205.852	0.816938	-0.152784	-0.556119	-0.488455	0.329387	-0.808032	0.306633	0.931752	0.194461
26.24	0	-1.76844	1.34989	0	-17	-36.8416	41.3827	18.4406	207.965	0.865447	-0.13246	-0.483172	-0.426021	0.312931	-0.84887	0.263641	0.940494	0.214395
26.34	0	-1.91839	1.39096	0	-17	-36.6972	34.3536	19.8331	209.665	0.908366	-0.111696	-0.402982	-0.357446	0.292752	-0.886865	0.217033	0.949642	0.226001
26.44	0	-2.0718	1.43291	0	-17	-36.5559	27.2014	22.049	210.852	0.943852	-0.0897658	-0.31794	-0.284472	0.268525	-0.92031	0.167987	0.959081	0.227912
26.54	0	-2.22922	1.47456	0	-17	-36.4162	20.1548	25.1304	211.446	0.970524	-0.0663404	-0.231694	-0.20986	0.240065	-0.947801	0.118499	0.968487	0.219067
26.64	0	-2.38923	1.51794	0	-17	-36.2781	13.3538	29.057	211.409	0.988652	-0.0386622	-0.145161	-0.134183	0.20717	-0.969059	0.0675391	0.977541	0.199632
